restart created by ParmEd
   22  0.0000000e+00
   3.2193467   3.0067086   0.4026394   3.4035990   2.3976666   1.2853946
   3.5282698   1.3687475   0.9538552   2.4842335   2.4267989   1.8668236
   4.5518905   2.9213983   2.1572453   4.8795527   2.4322094   3.2374144
   4.9953139   4.1301569   1.7832489   4.6332908   4.5661563   0.9458384
   5.5305493   5.0896776   2.7402121   6.0553652   4.5194167   3.5033336
   6.3523167   5.9629142   1.8435949   5.8065605   6.3946009   1.0069727
   6.8723762   6.7192358   2.4281076   7.2304058   5.4787022   1.4209403
   4.2521754   5.6348228   3.3112252   3.3744886   6.0341865   2.5408188
   4.1244271   5.6264001   4.6915638   4.9073508   5.2664626   5.2206081
   3.2148951   6.5569049   5.2708644   2.2974187   6.6032594   4.6885607
   2.9924190   6.2636524   6.2943333   3.5915789   7.5653428   5.4262167
   5.4020000   7.4880000   3.0210000  90.0000000  90.0000000  90.0000000
