%VERSION  VERSION_STAMP = V0001.000  DATE = 08/08/15  14:56:17
%FLAG TITLE
%FORMAT(20a4)

%FLAG POINTERS
%FORMAT(10I8)
      22       7      12       9      25      11      59      38       0       0
      99       3       9      11      38       8      16      36       1       0
       0       0       0       0       0       0       0       0      10       0
       0
%FLAG ATOM_NAME
%FORMAT(20a4)
HH31CH3 HH32HH33C   O   N   H   CA  HA  CB  HB1 HB2 HB3 C   O   N   H   CH3 HH31
HH32HH33
%FLAG CHARGE
%FORMAT(5E16.8)
  2.04636429E+00 -6.67300626E+00  2.04636429E+00  2.04636429E+00  1.08823576E+01
 -1.03484442E+01 -7.57501011E+00  4.95464337E+00  6.14091510E-01  1.49969529E+00
 -3.32556975E+00  1.09880469E+00  1.09880469E+00  1.09880469E+00  1.08841798E+01
 -1.03484442E+01 -7.57501011E+00  4.95464337E+00 -2.71512270E+00  1.77849648E+00
  1.77849648E+00  1.77849648E+00
%FLAG ATOMIC_NUMBER
%FORMAT(10I8)
       1       6       1       1       6       8       7       1       6       1
       6       1       1       1       6       8       7       1       6       1
       1       1
%FLAG MASS
%FORMAT(5E16.8)
  1.00800000E+00  1.20100000E+01  1.00800000E+00  1.00800000E+00  1.20100000E+01
  1.60000000E+01  1.40100000E+01  1.00800000E+00  1.20100000E+01  1.00800000E+00
  1.20100000E+01  1.00800000E+00  1.00800000E+00  1.00800000E+00  1.20100000E+01
  1.60000000E+01  1.40100000E+01  1.00800000E+00  1.20100000E+01  1.00800000E+00
  1.00800000E+00  1.00800000E+00
%FLAG ATOM_TYPE_INDEX
%FORMAT(10I8)
       1       2       1       1       3       4       5       6       2       7
       2       1       1       1       3       4       5       6       2       7
       7       7
%FLAG NUMBER_EXCLUDED_ATOMS
%FORMAT(10I8)
       6       7       4       3       7       3      10       4      10       7
       6       3       2       1       7       3       5       4       3       2
       1       1
%FLAG NONBONDED_PARM_INDEX
%FORMAT(10I8)
       1       2       4       7      11      16      22       2       3       5
       8      12      17      23       4       5       6       9      13      18
      24       7       8       9      10      14      19      25      11      12
      13      14      15      20      26      16      17      18      19      20
      21      27      22      23      24      25      26      27      28
%FLAG RESIDUE_LABEL
%FORMAT(20a4)
ACE ALA NME 
%FLAG RESIDUE_POINTER
%FORMAT(10I8)
       1       7      17
%FLAG BOND_FORCE_CONSTANT
%FORMAT(5E16.8)
  5.67825780E+02  4.08975440E+02  3.55536030E+02  2.75093600E+02  3.54511410E+02
  2.90710510E+02  4.58930320E+02  3.50226820E+02
%FLAG BOND_EQUIL_VALUE
%FORMAT(5E16.8)
  1.22755000E+00  1.35201000E+00  1.08818000E+00  1.50912000E+00  1.08765000E+00
  1.51445000E+00  1.01114000E+00  1.43236000E+00
%FLAG ANGLE_FORCE_CONSTANT
%FORMAT(5E16.8)
  8.05682900E+01  4.32895600E+01  4.90015900E+01  4.79059700E+01  3.53876600E+01
  7.91213200E+01  7.01523100E+01  6.03722500E+01  4.85197200E+01  4.84896300E+01
  4.67662600E+01  4.30607700E+01  5.04601900E+01  7.98729100E+01  6.25148300E+01
  3.66509400E+01
%FLAG ANGLE_EQUIL_VALUE
%FORMAT(5E16.8)
  2.14467145E+00  2.11487692E+00  2.03776580E+00  1.88540094E+00  1.88774195E+00
  2.11511516E+00  2.01211783E+00  1.93973725E+00  1.94094798E+00  1.92928045E+00
  1.90742543E+00  2.04370272E+00  1.91032966E+00  1.92861321E+00  1.86717934E+00
  1.92098961E+00
%FLAG DIHEDRAL_FORCE_CONSTANT
%FORMAT(5E16.8)
  1.54371000E+00  1.54597000E+00  1.86422000E+00  0.00000000E+00  0.00000000E+00
 -4.45040000E-01  6.56620000E-01  2.41500000E-02 -9.77700000E-02  7.68300000E-02
 -6.72200000E-02  1.34520000E-01  2.87980000E-01 -1.25070000E-01 -7.61800000E-02
 -9.07500000E-02  6.99100000E-02  8.89620000E-01 -2.66500000E-02  1.79350000E-01
  1.93890000E-01 -7.00750000E-01  1.06420000E-01 -1.15350000E-01 -2.97400000E-02
 -1.18400000E-02  3.46820000E-01 -1.12200000E-02  3.80930000E-01  1.71905000E+00
  2.22570000E-01 -4.51000000E-03 -9.89200000E-02 -1.37000000E-03  1.05000000E+01
  1.10000000E+00
%FLAG DIHEDRAL_PERIODICITY
%FORMAT(5E16.8)
  1.00000000E+00  2.00000000E+00  2.00000000E+00  1.00000000E+00  2.00000000E+00
  1.00000000E+00  2.00000000E+00  3.00000000E+00  4.00000000E+00  5.00000000E+00
  6.00000000E+00  1.00000000E+00  2.00000000E+00  3.00000000E+00  4.00000000E+00
  5.00000000E+00  6.00000000E+00  1.00000000E+00  3.00000000E+00  3.00000000E+00
  1.00000000E+00  2.00000000E+00  3.00000000E+00  4.00000000E+00  5.00000000E+00
  6.00000000E+00  1.00000000E+00  3.00000000E+00  1.00000000E+00  2.00000000E+00
  3.00000000E+00  4.00000000E+00  5.00000000E+00  6.00000000E+00  2.00000000E+00
  2.00000000E+00
%FLAG DIHEDRAL_PHASE
%FORMAT(5E16.8)
 -2.11793876E-01  3.31586974E+00  3.16798513E+00  0.00000000E+00  0.00000000E+00
 -2.26632322E-01 -1.22258290E+00 -2.28954135E-01  0.00000000E+00  0.00000000E+00
  0.00000000E+00 -1.02365350E-02  6.21143050E-01  2.06248090E-01  0.00000000E+00
  0.00000000E+00  0.00000000E+00 -6.22922240E-02  2.80243659E+00  6.62665149E-02
  2.15555585E-01 -1.83565781E-01  1.41534046E-02  0.00000000E+00  0.00000000E+00
  0.00000000E+00  6.67983519E-01  3.15622981E+00  3.50632469E+00  3.12719154E+00
  2.40865087E+00  0.00000000E+00  0.00000000E+00  0.00000000E+00  3.14159400E+00
  3.14159400E+00
%FLAG SCEE_SCALE_FACTOR
%FORMAT(5E16.8)
  1.20000000E+00  1.20000000E+00  1.20000000E+00  1.20000000E+00  1.20000000E+00
  1.20000000E+00  1.20000000E+00  1.20000000E+00  1.20000000E+00  1.20000000E+00
  1.20000000E+00  1.20000000E+00  1.20000000E+00  1.20000000E+00  1.20000000E+00
  1.20000000E+00  1.20000000E+00  1.20000000E+00  1.20000000E+00  1.20000000E+00
  1.20000000E+00  1.20000000E+00  1.20000000E+00  1.20000000E+00  1.20000000E+00
  1.20000000E+00  1.20000000E+00  1.20000000E+00  1.20000000E+00  1.20000000E+00
  1.20000000E+00  1.20000000E+00  1.20000000E+00  1.20000000E+00  0.00000000E+00
  0.00000000E+00
%FLAG SCNB_SCALE_FACTOR
%FORMAT(5E16.8)
  2.00000000E+00  2.00000000E+00  2.00000000E+00  2.00000000E+00  2.00000000E+00
  2.00000000E+00  2.00000000E+00  2.00000000E+00  2.00000000E+00  2.00000000E+00
  2.00000000E+00  2.00000000E+00  2.00000000E+00  2.00000000E+00  2.00000000E+00
  2.00000000E+00  2.00000000E+00  2.00000000E+00  2.00000000E+00  2.00000000E+00
  2.00000000E+00  2.00000000E+00  2.00000000E+00  2.00000000E+00  2.00000000E+00
  2.00000000E+00  2.00000000E+00  2.00000000E+00  2.00000000E+00  2.00000000E+00
  2.00000000E+00  2.00000000E+00  2.00000000E+00  2.00000000E+00  0.00000000E+00
  0.00000000E+00
%FLAG SOLTY
%FORMAT(5E16.8)
  0.00000000E+00
%FLAG LENNARD_JONES_ACOEF
%FORMAT(5E16.8)
  7.51607703E+03  9.71708117E+04  1.04308023E+06  8.61541883E+04  9.24822269E+05
  8.19971662E+05  5.44261042E+04  6.47841732E+05  5.74393458E+05  3.79876399E+05
  8.96776989E+04  9.95480466E+05  8.82619071E+05  6.06829343E+05  9.44293233E+05
  1.07193645E+02  2.56678134E+03  2.27577560E+03  1.02595236E+03  2.12601181E+03
  1.39982777E-01  4.98586847E+03  6.78771368E+04  6.01816484E+04  3.69471530E+04
  6.20665998E+04  5.94667299E+01  3.25969625E+03
%FLAG LENNARD_JONES_BCOEF
%FORMAT(5E16.8)
  2.17257828E+01  1.26919150E+02  6.75612247E+02  1.12529845E+02  5.99015525E+02
  5.31102864E+02  1.11805549E+02  6.26720080E+02  5.55666449E+02  5.64885984E+02
  1.36131731E+02  7.36907417E+02  6.53361429E+02  6.77220874E+02  8.01323529E+02
  2.59456373E+00  2.06278363E+01  1.82891803E+01  1.53505284E+01  2.09604198E+01
  9.37598976E-02  1.76949863E+01  1.06076943E+02  9.40505981E+01  9.21192137E+01
  1.13252062E+02  1.93248820E+00  1.43076527E+01
%FLAG BONDS_INC_HYDROGEN
%FORMAT(10I8)
       3       6       3       3       9       3       0       3       3      30
      33       3      30      36       3      30      39       3      24      27
       5      18      21       7      54      57       5      54      60       5
      54      63       5      48      51       7
%FLAG BONDS_WITHOUT_HYDROGEN
%FORMAT(10I8)
      12      15       1      12      18       2       3      12       4      42
      45       1      42      48       2      24      30       6      24      42
       4      18      24       8      48      54       8
%FLAG ANGLES_INC_HYDROGEN
%FORMAT(10I8)
      12      18      21       2       9       3      12       4       6       3
       9       5       6       3      12       4       0       3       6       5
       0       3       9       5       0       3      12       4      42      48
      51       2      36      30      39       5      33      30      36       5
      33      30      39       5      27      24      30       9      27      24
      42      10      24      30      33      11      24      30      36      11
      24      30      39      11      21      18      24      12      18      24
      27      13      60      54      63      16      57      54      60      16
      57      54      63      16      51      48      54      12      48      54
      57      13      48      54      60      13      48      54      63      13
%FLAG ANGLES_WITHOUT_HYDROGEN
%FORMAT(10I8)
      15      12      18       1      12      18      24       3       3      12
      15       6       3      12      18       7      45      42      48       1
      42      48      54       3      30      24      42       8      24      42
      45       6      24      42      48       7      18      24      30      14
      18      24      42      15
%FLAG DIHEDRALS_INC_HYDROGEN
%FORMAT(10I8)
      15      12      18      21       1      15      12     -18      21       2
      12      18      24      27       4      12      18     -24      27       5
       9       3      12      15       4       9       3     -12      15      18
       9       3     -12      15       5       9       3     -12      15      19
       9       3      12      18       4       9       3     -12      18       5
       6       3      12      15      18       6       3     -12      15       5
       6       3     -12      15      19       6       3      12      18       4
       6       3     -12      18       5       3      12      18      21       3
       0       3      12      15      18       0       3     -12      15       5
       0       3     -12      15      19       0       3      12      18       4
       0       3     -12      18       5      45      42      48      51       1
      45      42     -48      51       2      42      48      54      57       4
      42      48     -54      57       5      42      48      54      60       4
      42      48     -54      60       5      42      48      54      63       4
      42      48     -54      63       5      39      30      24      42      20
      36      30      24      42      20      33      30      24      42      20
      27      24      30      33      20      27      24      30      36      20
      27      24      30      39      20      27      24      42      45       4
      27      24     -42      45      27      27      24     -42      45       5
      27      24     -42      45      28      27      24      42      48       4
      27      24     -42      48       5      24      42      48      51       3
      21      18      24      27       4      21      18     -24      27       5
      21      18      24      30       4      21      18     -24      30       5
      21      18      24      42       4      21      18     -24      42       5
      18      24      30      33      20      18      24      30      36      20
      18      24      30      39      20      51      48      54      57       4
      51      48     -54      57       5      51      48      54      60       4
      51      48     -54      60       5      51      48      54      63       4
      51      48     -54      63       5      12      24     -18     -21      36
      42      54     -48     -51      36
%FLAG DIHEDRALS_WITHOUT_HYDROGEN
%FORMAT(10I8)
      15      12      18      24       3      12      18      24      30       4
      12      18     -24      30       6      12      18     -24      30       7
      12      18     -24      30       8      12      18     -24      30       9
      12      18     -24      30      10      12      18     -24      30      11
      12      18      24      42       4      12      18     -24      42      12
      12      18     -24      42      13      12      18     -24      42      14
      12      18     -24      42      15      12      18     -24      42      16
      12      18     -24      42      17       3      12      18      24       3
      45      42      48      54       3      30      24      42      45       4
      30      24     -42      45       5      30      24      42      48       4
      30      24     -42      48      21      30      24     -42      48      22
      30      24     -42      48      23      30      24     -42      48      24
      30      24     -42      48      25      30      24     -42      48      26
      24      42      48      54       3      18      24      42      45       4
      18      24     -42      45       5      18      24      42      48       4
      18      24     -42      48      29      18      24     -42      48      30
      18      24     -42      48      31      18      24     -42      48      32
      18      24     -42      48      33      18      24     -42      48      34
       3      18     -12     -15      35      24      48     -42     -45      35
%FLAG EXCLUDED_ATOMS_LIST
%FORMAT(10I8)
       2       3       4       5       6       7       3       4       5       6
       7       8       9       4       5       6       7       5       6       7
       6       7       8       9      10      11      15       7       8       9
       8       9      10      11      12      13      14      15      16      17
       9      10      11      15      10      11      12      13      14      15
      16      17      18      19      11      12      13      14      15      16
      17      12      13      14      15      16      17      13      14      15
      14      15      15      16      17      18      19      20      21      22
      17      18      19      18      19      20      21      22      19      20
      21      22      20      21      22      21      22      22       0
%FLAG HBOND_ACOEF
%FORMAT(5E16.8)

%FLAG HBOND_BCOEF
%FORMAT(5E16.8)

%FLAG HBCUT
%FORMAT(5E16.8)

%FLAG AMBER_ATOM_TYPE
%FORMAT(20a4)
HC  CT  HC  HC  C   O   N   H   CT  H1  CT  HC  HC  HC  C   O   N   H   CT  H1  
H1  H1  
%FLAG TREE_CHAIN_CLASSIFICATION
%FORMAT(20a4)
M   M   E   E   M   E   M   E   M   E   3   E   E   E   M   E   M   E   3   E   
E   E   
%FLAG JOIN_ARRAY
%FORMAT(10I8)
       0       0       0       0       0       0       0       0       0       0
       0       0       0       0       0       0       0       0       0       0
       0       0
%FLAG IROTAT
%FORMAT(10I8)
       0       0       0       0       0       0       0       0       0       0
       0       0       0       0       0       0       0       0       0       0
       0       0
%FLAG RADIUS_SET
%FORMAT(1a80)
0                                                                               
%FLAG RADII
%FORMAT(5E16.8)
  1.30000000E+00  1.70000000E+00  1.30000000E+00  1.30000000E+00  1.70000000E+00
  1.50000000E+00  1.55000000E+00  1.30000000E+00  1.70000000E+00  1.30000000E+00
  1.70000000E+00  1.30000000E+00  1.30000000E+00  1.30000000E+00  1.70000000E+00
  1.50000000E+00  1.55000000E+00  1.30000000E+00  1.70000000E+00  1.30000000E+00
  1.30000000E+00  1.30000000E+00
%FLAG SCREEN
%FORMAT(5E16.8)
  8.50000000E-01  7.20000000E-01  8.50000000E-01  8.50000000E-01  7.20000000E-01
  8.50000000E-01  7.90000000E-01  8.50000000E-01  7.20000000E-01  8.50000000E-01
  7.20000000E-01  8.50000000E-01  8.50000000E-01  8.50000000E-01  7.20000000E-01
  8.50000000E-01  7.90000000E-01  8.50000000E-01  7.20000000E-01  8.50000000E-01
  8.50000000E-01  8.50000000E-01
%FLAG IPOL
%FORMAT(1I8)
       0
