restart created by ParmEd
  648  0.0000000e+00
   2.0310488   5.8503371   0.7055843   1.2539913   5.4217702   1.1916637
   1.9495158   5.6268185  -0.2778552   2.4337649   4.2743757  57.7118015
   2.8726664   3.3628139  57.6983213   1.5623130   4.2121521  57.2014475
   1.4966728   5.8482557   7.1129203   0.5509500   6.1095202   7.3601258
   1.4644542   4.9491507   6.6499591   3.6572716  59.3650580  55.3785038
   3.6248386  58.4052324  55.0600052   3.4171978  59.3792677  56.3613176
  61.4347458  59.7447586   7.5420797  60.7301569  59.7150087   8.2676351
  60.9687328  59.8915720   6.6560549   0.9593717   9.6202165   7.8505212
   1.7397693   9.8566639   7.2514939   1.0031255  10.2089608   8.6722428
  58.0783606   7.4713606   5.4657185  59.0328360   7.8057051   5.4965061
  57.4626732   8.2742059   5.4771328  63.9129066   4.2507321   1.3230822
  63.3253193   4.4653830   0.5278272  63.3563900   4.3505213   2.1621853
   5.8527029  60.6975460  56.3098478   5.1631910  60.2093840  55.7530451
   5.4676270  61.5957689  56.5719080  11.6228950   4.8936447  61.9869947
  12.5029826   4.4440347  62.2039223  11.4734006   5.6347150  62.6594734
   5.8023906  55.5747604   5.0679773   6.6238797  55.0790501   4.7467488
   5.9877092  56.5673256   5.0028962   6.1438543  55.1856899  63.0423117
   6.8189025  55.5065727  63.7242985   5.9796411  55.9363699  62.3840713
   3.7061080  56.5841532  55.2962446   3.5490894  55.7582378  54.7332430
   3.3852458  56.3905716  56.2361050  58.2339287  60.6223583  59.0781927
  58.8270760  60.8054543  59.8772001  57.2704363  60.6698847  59.3834591
   4.6106183   1.1764641  60.6837034   5.0576723   2.0788130  60.5853653
   4.9951476   0.5561891  59.9828768  63.2681322   7.3386180   7.4191725
  63.0567122   7.6887429   6.4937133  63.9066887   7.9860705   7.8628075
   1.1363593  62.7225923   3.8470128   1.0867307  63.7331343   3.8569924
   1.0777263  62.4136543   2.8853050  55.6349850  58.5450411  61.8827725
  55.6699038  59.2613173  62.5965548  55.0945616  57.7685642  62.2416496
   3.0769193  60.7003450   5.1494545   2.4920866  61.3655090   4.6602830
   2.9946971  60.8786106   6.1420381  63.8699436  58.5120487  11.3474047
  64.0969086  58.6283922  12.3265433  62.8869772  58.2827902  11.2768221
   5.1125598  62.1863413  59.7797346   4.3919012  62.2498751  60.4871082
   5.8941263  62.7576542  60.0738716   4.4409010  53.2422447  62.3491192
   5.1205653  53.9468527  62.6047516   4.5435405  52.4605799  62.9833317
  61.2923718  63.1765175  60.7570553  61.9372940  63.9172935  60.5139780
  60.5135012  63.5875940  61.2551928   2.2036077   6.5445799   4.0699390
   2.5509894   5.7449639   3.5564196   2.4666463   6.4342117   5.0407070
  62.7456617  63.5691643   5.2918559  63.4396315  62.8329468   5.3040922
  62.9408503  64.1731882   4.5039362  63.7074470  59.1888618   1.8105577
  64.5453072  59.0455437   2.3593873  62.9309702  59.3128920   2.4473169
  63.2960367  11.6584289   3.7900752  63.9853525  10.9393048   3.6126956
  62.5483608  11.5512371   3.1168336  60.7442665  55.5139875   6.1336839
  61.3681269  55.2624130   5.3778607  61.3066435  55.7553244   6.9394440
   0.7785995   6.9091719  59.9849463   1.7031458   7.0908701  59.6162176
   0.1577726   6.7321074  59.2058563   6.0075545  58.4187698   7.4606234
   5.3008175  57.7502537   7.7387810   5.8377868  58.6740351   6.4963722
  57.5153732  57.6317167  57.6478338  57.7370357  56.7468500  57.2100687
  57.8612947  57.6084805  58.5983896   7.4779659   0.6723779   4.7292671
   7.4372297   0.7655647   5.7359540   6.5889603   0.9703495   4.3489471
  63.7545299  53.8958979  62.5035477  63.4865713  52.9204369  62.5244570
  64.4849825  54.0073252  61.8123245  59.9164391  55.1798487   2.9867387
  59.9642754  56.1473513   2.6944858  59.7634220  55.1598835   3.9867130
  56.0213900  62.6432467  61.4156723  56.9561195  62.9719257  61.2107134
  55.7933855  61.9103575  60.7563925   2.2686993   0.9503076  62.0598030
   2.4501295   1.0980776  63.0441856   3.1421268   1.0530115  61.5594673
  61.1476469  57.5829744  53.6404896  60.6204367  56.7562723  53.8902330
  61.3196802  57.5578737  52.6437283   0.7063451   1.0317125   6.6493165
  -0.1317688   0.5812000   6.3052744   1.3782173   0.3118671   6.8820643
   4.9086779   7.9475898   2.9165751   4.1521472   8.3922815   2.4129167
   4.6576947   7.9129916   3.8961524  61.7456007   4.4852221  54.9111700
  61.1932468   5.3273749  54.8139954  61.1276579   3.7331462  55.1873827
  60.9396076  62.0028686   3.8662908  61.6789627  62.5530100   4.2839727
  61.0532856  62.0334339   2.8613508   7.5362241   6.0383457  62.5118160
   8.1443286   5.2307671  62.5540829   6.5899688   5.7302493  62.6946783
  59.0760279   5.0336957  61.5030813  59.0128565   4.7061926  62.4583387
  60.0139713   5.3811383  61.3504124  58.0585289   3.6244491  49.4408989
  57.1892071   3.7827182  48.9479542  58.7974119   3.5337755  48.7556315
  57.0148182   3.0662778  55.2178907  56.7411089   4.0396240  55.2558565
  57.4823380   2.9045618  54.3352604  58.8475513   4.7085634   5.1542264
  58.4665394   5.6455719   5.1296079  59.8559332   4.7770375   5.1069218
   0.4375328  13.7046361   5.1695287  -0.1118564  12.9976332   4.6982741
  -0.1952793  14.3080604   5.6786346  63.3027029  61.0500574  61.1354542
  63.8519764  61.1678553  61.9769907  62.5094938  61.6761255  61.1866188
   9.5238417   4.6169943   1.3789815   9.3606609   4.3980035   0.4047246
   9.1791946   3.8466641   1.9371670  62.6697111   4.7636119  63.0201292
  62.3573780   5.2800268  62.2080183  63.0828905   3.8963753  62.7024126
  58.6101055  56.8813515   7.3156369  59.2657995  56.1949062   6.9654649
  58.1444454  57.3051310   6.5235937   6.0924226   6.3927263   9.0542787
   6.7042202   5.7269376   9.5083612   6.3435453   7.3196787   9.3728042
  55.3524780  60.0146484   6.2749118  54.3792486  59.9145269   6.0169220
  55.4246283  59.9113369   7.2788453   3.5141706   1.4772369   7.7319205
   3.0616939   2.0574434   8.4264612   3.0268899   0.5912394   7.6954895
  61.2533903  57.7563524  11.0106730  60.7961845  56.9987249  11.5013111
  60.5749226  58.1898260  10.3978574  55.6262732  60.5394840  59.8109722
  55.4580832  59.8870421  60.5658150  55.3867006  60.0828266  58.9404392
   1.5166898  54.5611811   5.6920779   1.9240774  53.8760138   6.3152492
   2.1919589  54.7694635   4.9679291  63.0441475   9.4792020   5.5367482
  63.5833645   9.5237392   6.3917476  63.2807493  10.2851224   4.9725908
   5.4646689  58.4817410  61.3547468   5.5515057  59.0279961  60.5074978
   4.4799632  58.3370781  61.5369225  58.6902952  63.6477184   1.0851611
  58.5080814  63.0077601   0.3229203  58.1091738  63.3784866   1.8684688
   1.3101695  60.8954906  59.2609072   1.9726153  61.3070154  59.9055576
   0.4081048  60.8572722  59.7176123  61.5693378  58.9936638   3.6658367
  61.0974741  59.7709847   4.1095457  60.9281683  58.5698509   3.0077752
   4.0065023   0.0817312   1.1735328   4.8213947  -0.0512893   0.5887104
   4.3223265   0.3240233   2.1037537  60.2627516   0.3693073   6.4057970
  61.2516260   0.1558430   6.3878906  60.1537132   1.3341579   6.6902882
   2.1740122  60.8410597  53.7234497   2.7373314  60.3204012  54.3832588
   2.4774572  60.5980301  52.7893066  57.6325703  63.7025499  11.0221064
  58.1813145  64.2561531  10.3770006  56.9935751  64.3215465  11.5040696
   3.0804479  10.0447178   6.0115373   3.4245038  10.9952211   5.9675944
   3.8772872   9.4230062   6.0593218  61.8261766   1.5616626   0.0703575
  61.2979603   2.2554371   0.5836055  61.1912298   1.0794790  -0.5526236
   7.9776734   0.7405478   0.5683845   8.3036214   1.1752517   1.4219369
   7.8673166  -0.2502136   0.7415166   8.1157035   1.5891367  62.0698881
   8.2039958   0.8951510  61.3388967   8.0499536   1.1062615  62.9566050
   8.8330078  60.6629610  59.6910715   8.9683938  60.6755447  58.6884403
   8.9948755  59.7195959  60.0191307  57.6774740   4.4467831  59.2776060
  58.1696653   4.6495306  60.1380730  57.4924183   5.3228646  58.8064385
   8.2967621  56.6282988   7.6863623   9.0271330  56.7952347   8.3664006
   7.5498760  57.2891092   7.8573966   8.7774700   9.9556845   8.3983934
   8.4082603  10.0258219   7.4589646   9.6078503  10.5310869   8.4544420
   5.2300048   1.5525670   3.6580715   4.8059934   2.1418291   4.3628734
   5.3557211   2.1047565   2.8195944  60.2754879  57.7134466   1.6757226
  60.5708885  57.9841232   0.7466186  59.3461037  58.0821419   1.8308581
   1.5468685  62.9869986   0.9943684   0.9538791  63.8010979   0.8975777
   2.5062370  63.3018494   1.0595060  56.4968586   0.6408138   6.6518563
  57.0657206   1.1543770   5.9912425  56.2643671   1.2611674   7.4166244
  54.4721365   6.9370913  54.0843868  53.7535000   6.6515780  54.7369242
  55.3504944   6.5369809  54.3879700  57.6802588  61.1910105   9.7169209
  57.4672604  61.9217014  10.3836203  57.9247284  61.6280603   8.8377267
   4.0658546  57.0428705   8.4252912   4.1727245  56.9103813   9.4226813
   3.1644630  56.6726017   8.1529748  58.4794521  62.5091839   7.3981571
  59.2244244  63.0980730   7.0488870  57.6016331  62.9897928   7.2491425
  57.0579719   2.7685755   0.7155916  56.7136860   2.2254589  -0.0655950
  56.5729237   2.4636492   1.5495634  62.3184395   5.0689512  57.8444624
  63.1428909   4.5319492  57.6085138  61.5161276   4.4548646  57.7901268
   4.8518044  63.1030703  57.1371555   4.8833549  62.9534244  58.1373406
   3.8927570  62.9968166  56.8326902   7.9759240  10.4473984   5.6084132
   7.6710260   9.5688039   5.2098280   7.7109051  11.1899829   4.9743044
  55.5249071  62.4858093   5.0638103  55.5838633  63.1597614   5.8161897
  55.5827045  61.5590143   5.4656404  59.3636751  58.9669704   9.4837487
  58.6919165  59.6295071   9.8491919  58.9503479  58.5089254   8.6818034
  63.0405426   7.1993721  54.0424299  63.4495068   7.7148092  54.8110867
  63.1809521   6.2122846  54.2147780   1.5554389  10.0376797   3.7084970
   2.2051081  10.0025868   4.4833904   1.9649571   9.5362324   2.9309323
   6.6325116  59.9371481   2.1418743   6.4499211  59.4704294   1.2628996
   7.3966235  59.4579220   2.6003912  62.5757027  56.9478464   7.6998681
  63.1688547  57.1264172   6.8998402  62.1252632  57.8162193   7.9583204
  59.3137932   4.1713181   0.2117767  58.3982086   3.7422749   0.2490932
  59.8632145   3.8089219   0.9802591   5.6303036   3.0068982   1.4957155
   5.4966682   3.0772907   0.4952417   5.2722412   3.8519224   1.9217281
  60.6500959  58.7113953  61.3048363  61.2310648  58.3703804  60.5498886
  61.0747337  58.4326696  62.1799087  55.1625156  59.2157888  57.1436644
  54.4227982  58.5510206  56.9574833  56.0470247  58.7281942  57.0831537
  58.1613922  61.6127825  63.4605026  58.5457802  61.3230896  62.5705099
  57.3143291  61.0843849  63.6249447  56.7537022  60.3161097  55.0587893
  57.5856543  60.3921366  55.6296110  55.9597826  60.1924086  55.6737328
  61.3988733  59.4525623  55.6024027  60.4881382  59.5955706  56.0193825
  61.3019466  58.7730455  54.8590183   7.3715854   1.9034849  58.3482504
   6.4042729   2.1841174  58.2517433   7.9423398   2.5544211  57.8245306
  55.0862455  55.7798958  63.0453444  56.0810518  55.6947994  63.2092905
  54.8413038  55.1746082  62.2724342   3.3606127  55.2459145   3.8357204
   4.2543590  55.2913189   4.3078619   3.4549597  55.7026577   2.9378086
   5.4038525   9.8764986  62.1160221   6.2316674   9.6276259  62.6418972
   4.9237707   9.0229922  61.8614435  58.1009722   2.1947330  57.5676298
  57.9893494   2.9456276  58.2365560  57.6653862   2.4785769  56.6996098
  63.2130003  58.8167524  59.6300220  63.1798887  59.6302414  60.2307701
  63.9528227  58.9543724  58.9536429   1.2330677  56.2789774   7.8263134
   1.2942395  55.6209040   7.0601821   0.2804554  56.2779856   8.1673270
   7.5374997   8.5506558  10.2107465   7.5773156   9.0797484  11.0722780
   7.9539889   9.1101497   9.4777632  57.7089548  58.4451532   5.1915419
  58.3164883  59.2521715   5.2497113  56.8807459  58.6338806   5.7412791
  58.9711714  61.8175459  54.2455912  59.4297552  61.1403704  54.8413229
  57.9810190  61.6095257  54.2360592  63.5821247   7.1403646   3.9988592
  63.4175348   7.9893732   4.5240802  64.5761633   6.9517881   4.0080538
   2.8116638  55.9273624  57.7050638   3.3315405  55.4933119  58.4567881
   3.0119163  56.9191074  57.7150106   2.9314300  10.5798638  63.3336973
   2.9948628  11.5763533  63.4972429   3.7379926  10.2974224  62.7919912
  61.5284777   5.7559943  60.6941509  61.9640017   6.6630793  60.8003473
  61.8373489   5.3589296  59.8162556  56.0101461   1.2734087  62.4489880
  55.7163525   0.3494460  62.1596098  55.7692671   1.9254088  61.7137098
   2.6493585  62.1236801  61.5559864   2.6461947  61.4734221  62.3311758
   2.3707022  63.0315685  61.9050598   6.2252814   8.7049276  59.4695664
   6.3613391   9.6017385  59.9178743   5.7225490   8.1050730  60.1108122
  60.0579691   6.8805575  53.7018442  59.2633438   6.6539079  53.1179237
  60.8939648   6.8152815  53.1356192  57.6082659   2.3295824   4.7947091
  58.1465721   1.7790481   4.1382784  58.0227232   3.2511032   4.8475039
   2.2780263  62.2189283  56.9300938   1.8966004  61.7671442  57.7511692
   1.5248579  62.3596191  56.2692594  62.2654533  56.1632299  59.7272921
  63.0593729  55.5656624  59.5365906  62.6137304  57.0793056  59.9788189
   7.3420060   5.8688688  59.4645691   7.3249817   6.0340595  60.4626608
   7.5376767   6.7477262  59.0029573  61.9413948  54.7246027   1.3383113
  61.5724182  54.9712277   0.4290283  61.1726379  54.7059870   1.9959068
   4.2810866   3.2249618   5.8592588   4.3782034   4.1574800   6.2397045
   4.0795401   2.5924632   6.6228592  63.0183411   4.5531848   3.8318744
  63.6550522   4.2299473   4.5487267  62.9591608   5.5613393   3.8941920
  57.7626658   5.8857727  52.5940895  57.0519543   6.2778401  51.9899941
  57.9602957   4.9448741  52.2787905  55.4293633  60.8265209  63.3475494
  55.6820059  61.5315199  62.6671743  54.6074009  61.1469221  63.8430119
  61.9052315  58.8574171  63.6081219  62.0973826  59.7940397  63.2771015
  62.6928854  58.5522175  64.1650963   2.6823807   8.7894160   1.4954242
   2.3803508   7.9279459   1.0590661   2.6664937   9.5197552   0.7953431
  60.9080601   3.3019629   2.0592734  60.5042696   2.5118193   2.5454706
  61.4715385   3.8232094   2.7184826  60.8815289   6.4530742   0.3175647
  60.2160406   5.7256520   0.5450367  61.6874552   6.0192561  -0.1137655
  55.5786657  59.6988392   8.8509691  55.8972168  58.7545729   9.0260214
  56.2034178  60.3357744   9.3282109   5.1532543   7.8937876  56.9601965
   5.2459556   8.4328639  57.8114080   5.9994042   8.0124891  56.4182520
   3.4365147   6.5956539  58.7646627   3.1162575   5.6666118  58.5236692
   3.8106519   7.0266414  57.9291773   4.6936858   4.9189231  62.4040937
   3.7183988   4.6850750  62.2703314   5.2527666   4.2248136  61.9251347
  55.6305361   2.7341926  60.1287222  54.7493076   2.9402935  59.6762657
  56.2846232   3.4698141  59.8946476  58.0758047   0.7374546  60.3344107
  57.2716284   1.2997429  60.5811739  58.1766128   0.7562686  59.3278122
  63.5415411  57.4894714   4.9125528  62.8384352  58.0600309   4.4610405
  63.2488871  56.5227461   4.8529142   2.2588126  63.0738020   7.6711053
   1.3547087  62.6799250   7.8974199   2.9488301  62.3365927   7.7356017
   3.5619891  60.3951263   7.8388572   4.4014838  59.8378706   7.9309326
   2.7939931  59.8777628   8.2466322  55.6609535   7.2799462  51.6210079
  55.0232601   7.1977598  52.4022627  55.6992960   8.2530552  51.3465071
  62.7218819   7.7062070  57.1564865  62.5688124   6.7170948  57.3047686
  61.8307400   8.1341976  56.9409656   1.6876826   5.0717711  62.0180655
   1.2093483   4.1877574  61.9019747   1.2760906   5.7391787  61.3785982
  57.8183794  56.1300612  63.0237865  57.8299808  56.3957930  62.0475626
  58.6708593  55.6225347  63.2224178   7.2078818   8.0454958   4.4545525
   8.0706322   7.7829385   3.9957646   6.4729238   8.0598700   3.7592891
  60.3546000   8.6614424  55.6872749  60.2418613   8.0297178  54.9049854
  60.8447123   9.4839346  55.3600788   3.0494446  59.4802809  63.6544800
   2.1500161  59.9395323  63.7167597   3.1092730  58.8016510  64.4025707
   5.6552643   4.0476635  57.9136133   5.1721168   4.7218946  57.3341799
   5.9304643   4.5088577  58.7711239   7.7584332  63.5651398  59.8470163
   8.2733828  62.8313065  59.3778944   7.7090186  64.3621921  59.2257070
   4.1833246   5.2792120   2.3218806   4.5495075   6.1976671   2.5366166
   3.3764580   5.3939092   1.7222372   2.3115057  54.3469572  61.0168886
   3.0546415  53.8516426  61.4924669   2.2630134  55.2832699  61.3973188
  58.7716723  55.6584787  56.3076878  59.5948172  56.1857843  56.5687323
  58.9292240  54.6884966  56.5486717  61.1552858   7.3768961   2.6807082
  62.1313238   7.2861677   2.9314631  61.0512161   7.0987463   1.7134628
   0.5808323  62.7539444  54.9575138   1.0429723  62.0087433  54.4526768
  -0.4063452  62.7180004  54.7385407  59.7662163   0.4414606  54.0190840
  60.0656509   0.6006243  53.0657911  59.2931318  -0.4521866  54.0557861
  60.9481621  57.0323276  57.3796034  61.4832163  56.5390635  58.0825710
  61.2636566  57.9934979  57.3602915   8.4279996  61.2579966  62.4249887
   8.3808428  61.0952997  61.4274597   9.2364836  61.8369055  62.6120186
   8.2089555   2.6872748   2.8832585   7.3563373   2.7825305   2.3468535
   8.0723053   1.9515577   3.5642934   1.2571783   3.5524654   5.5437130
   2.2064626   3.4622571   5.2053595   1.0059133   2.6908726   6.0109228
  59.3022585  60.5087423   5.5217457  59.8340845  61.0569572   4.8581302
  59.0270090  61.1156845   6.2830740   0.4704657  60.8112097  63.8136959
   0.0462058  60.2197933  64.5165396   0.7936998  61.6564322  64.2663336
  60.5582809   8.2836551   5.1255995  61.4151430   8.8036156   5.2641410
  60.6156254   7.8142083   4.2311204   5.1474273  59.7671032  58.9234590
   5.0625026  60.7204914  59.2514801   5.7496280  59.7660208  58.1103706
   7.9272437  62.1189785   1.0779544   8.0765587  61.7637062   0.1424075
   7.2792298  61.5015888   1.5498333  59.6540928  61.2045670  61.3953304
  60.0781918  60.2939272  61.2743473  60.2863407  61.8991709  61.0191059
   0.0530190   3.4439653  56.0933256   0.4245659   2.5473434  55.8073473
  -0.8832107   3.5308585  55.7195806   4.2748865   5.6900209   7.1662629
   3.3141452   5.9585339   7.3354906   4.7824705   5.7692015   8.0379569
  57.2974586  62.7178383   3.1121531  56.5097141  62.8493833   3.7333751
  57.7270603  61.8285084   3.3319163   8.5476685  60.5467415  56.7661142
   7.5537151  60.4995632  56.5828323   8.9864659  61.0399818  55.9993458
  11.4727557   6.3570005   0.4519563  12.0354402   6.7552948   1.1925704
  10.6837690   5.8851480   0.8745864  60.9070206  61.6589689   1.1763964
  60.6487560  60.7920647   0.7230331  60.2647400  62.3783112   0.8701541
   0.6348198  54.9421406  58.9713049   1.1048730  55.4753447  58.2512283
   1.3381572  54.4623375  59.5179892  58.9606905  59.8847723  56.6439962
  58.6210442  58.9509821  56.8348837  58.8437700  60.4400396  57.4817133
  56.6268349  57.1406317   9.1491145  56.7101383  56.7000055  10.0561273
  57.3690844  56.7886686   8.5583913  58.3065653   3.2671264  52.5679827
  58.0336189   2.8797150  51.6740179  59.2950869   3.0945849  52.6976395
   5.5084425  59.3124199   4.9268568   6.0967642  59.6609831   4.1811073
   4.6315616  59.8164272   4.8982564  63.3339167   0.8443196  59.8965502
  64.2808056   0.4878220  59.8881722  62.9748154   0.8072054  58.9513349
   1.7831187  58.6132669   3.6210024   1.0533310  58.2938957   4.2448401
   2.4124742  59.2042589   4.1486403   0.6404880  55.3814602   0.9557385
  -0.2954178  55.4067755   1.3394062   0.6385310  54.7550440   0.1611578
   6.3691759   3.4324026  60.9741402   6.9618028   4.1161591  60.5213356
   6.9520593   2.6649058  61.2822914   0.4203602   1.5496929   0.8484756
  -0.4983381   1.3704564   0.4642503   0.5392219   2.5514322   0.9269053
  56.6802835   5.8073473  55.0918293  57.0989943   5.8022213  54.1707325
  57.2481537   6.3904214  55.6929207  63.5516119   1.2918580   3.5263720
  63.3805990   2.2290721   3.8671732  63.8070917   1.3535298   2.5492907
  57.8175259  58.4573603   2.4740414  57.1023416  57.8115034   2.1655802
  57.8714180  58.4094048   3.4832776   7.6721591   8.7295037  62.9716015
   8.6242116   9.0650731  63.0405235   7.6996934   7.7244896  62.8578043
   1.6024292   1.2383294  55.0873804   1.3032363   0.2804893  55.2169466
   2.5768560   1.2300294  54.8150110   9.1811186   3.8949961  62.7597141
  10.0714445   4.1187242  62.3342419   8.9179349   2.9625362  62.4681425
  58.0723667  57.6008463  60.6411839  57.2903919  58.0486441  61.1013556
  58.9174986  58.0874872  60.9108067   2.7954593  56.8016767  62.3038864
   2.7734932  57.8075266  62.4113464   3.1647176  56.4015961  63.1567335
  58.0272675   7.7328473  56.6918707  58.8258076   8.2396156  56.3323116
  57.2545910   8.3806848  56.7757893  58.7666893   0.9739433   9.0002173
  59.4062900   0.2383046   8.7290913  59.0878296   1.8393512   8.5858506
   2.8258884  12.9768467   6.0532081   1.8309161  13.1230283   5.9417504
   3.3062392  13.7926257   5.6960964   0.2261969   2.7743170  61.5750599
  -0.5540808   2.4234650  61.0348463   0.8014986   1.9871759  61.8456125
  61.2703466  55.3147697  62.5436115  60.9202528  55.5435038  61.6222668
  62.2418833  55.0467157  62.4540043   7.7730519  56.6812468   0.8985486
   7.8154606  56.9927025   1.8602955   7.7045125  57.4981356   0.3054604
   8.3109391   3.9002609  56.7226124   8.7087351   4.6677765  56.1968374
   7.3561865   4.1399381  56.9566298  59.6408606   0.3070885  62.4595308
  59.0802526   0.7138151  61.7219305  59.0985298   0.3243130  63.3135462
   8.9033180  55.5460882   5.1689082   9.8349285  55.1744509   5.3021371
   8.5599822  55.8649540   6.0656840  56.2726498  56.9383812   1.1660627
  55.5250549  56.3803720   0.7742808  57.0162392  56.9938087   0.4821319
   0.1175703  61.1938000   7.5284869  -0.8553618  60.9178114   7.5600165
   0.6696666  60.4492903   7.9342627   2.7122983  57.0691490   1.3600852
   1.9981089  56.3848782   1.1468533   2.4644473  57.5228119   2.2298676
   1.6128837  58.9972639   8.9177871   1.0151540  58.9297056   9.7313696
   1.4529076  58.1817770   8.3405924   6.9740540  59.1086149  63.5084677
   6.3552445  58.8740587  62.7430773   7.6213270  59.8158598  63.1850433
  62.6070213   0.5892686  57.2186136  62.5310373  -0.2909608  56.7254782
  61.8385029   1.1801970  56.9288874   4.8987985   7.9918176   6.0514206
   5.8958077   8.1081963   5.9241813   4.7385114   7.0862496   6.4733392
  61.7352867  62.0056915  54.7458649  60.7825327  62.0567226  54.4090891
  61.9355440  61.0419703  54.9801683   4.7190225   7.2588199  60.9897137
   4.7216517   6.5614659  61.7228270   4.0944997   6.9447362  60.2582216
   8.3535528  59.7866917   4.9185345   8.6561179  60.7126999   4.6451792
   7.5790817  59.8853683   5.5621320  60.3874111   2.1537872  56.0297394
  60.0209713   1.6119525  55.2577972  59.6909332   2.1678793  56.7635536
  61.0491657   3.0461281  52.4864960  61.6532469   2.2910345  52.7842903
  61.4159441   3.9105132  52.8634214   7.9894662  57.4139023   3.5570547
   8.3299059  56.5785790   4.0154165   8.0623341  58.1835365   4.2098287
   2.8235003  58.8234329  57.9516077   2.0930457  59.4449997  58.2738686
   3.7041631  59.1505146  58.3273888  59.9305868   1.0139614   3.4287786
  60.0824356   0.5830637   4.3315691  59.8991299   0.2816273   2.7313128
  59.7756481   3.0333659   7.2974718  58.9718390   3.3564508   6.7747212
  60.3886414   3.8231736   7.4530435  60.9970951   5.4938120   7.4235833
  60.2141666   6.0984957   7.2111112  61.8236399   6.0697532   7.5178087
  63.0741882  54.8010015   4.6003842  63.9981413  54.7547627   5.0101823
  63.1141806  54.3741179   3.6839059   8.8618302  62.2716665   3.8051742
   8.7511581  62.3044348   2.7999681   8.4205937  63.0932188   4.1977638
  64.0000000  64.0000000  64.0000000  90.0000000  90.0000000  90.0000000
