trajectory created by ParmEd
   2.031   5.850   0.706   1.254   5.422   1.192   1.950   5.627  -0.278   2.434
   4.274  57.712   2.873   3.363  57.698   1.562   4.212  57.201   1.497   5.848
   7.113   0.551   6.110   7.360   1.464   4.949   6.650   3.657  59.365  55.379
   3.625  58.405  55.060   3.417  59.379  56.361  61.435  59.745   7.542  60.730
  59.715   8.268  60.969  59.892   6.656   0.959   9.620   7.851   1.740   9.857
   7.251   1.003  10.209   8.672  58.078   7.471   5.466  59.033   7.806   5.497
  57.463   8.274   5.477  63.913   4.251   1.323  63.325   4.465   0.528  63.356
   4.351   2.162   5.853  60.698  56.310   5.163  60.209  55.753   5.468  61.596
  56.572  11.623   4.894  61.987  12.503   4.444  62.204  11.473   5.635  62.659
   5.802  55.575   5.068   6.624  55.079   4.747   5.988  56.567   5.003   6.144
  55.186  63.042   6.819  55.507  63.724   5.980  55.936  62.384   3.706  56.584
  55.296   3.549  55.758  54.733   3.385  56.391  56.236  58.234  60.622  59.078
  58.827  60.805  59.877  57.270  60.670  59.383   4.611   1.176  60.684   5.058
   2.079  60.585   4.995   0.556  59.983  63.268   7.339   7.419  63.057   7.689
   6.494  63.907   7.986   7.863   1.136  62.723   3.847   1.087  63.733   3.857
   1.078  62.414   2.885  55.635  58.545  61.883  55.670  59.261  62.597  55.095
  57.769  62.242   3.077  60.700   5.149   2.492  61.366   4.660   2.995  60.879
   6.142  63.870  58.512  11.347  64.097  58.628  12.327  62.887  58.283  11.277
   5.113  62.186  59.780   4.392  62.250  60.487   5.894  62.758  60.074   4.441
  53.242  62.349   5.121  53.947  62.605   4.544  52.461  62.983  61.292  63.177
  60.757  61.937  63.917  60.514  60.514  63.588  61.255   2.204   6.545   4.070
   2.551   5.745   3.556   2.467   6.434   5.041  62.746  63.569   5.292  63.440
  62.833   5.304  62.941  64.173   4.504  63.707  59.189   1.811  64.545  59.046
   2.359  62.931  59.313   2.447  63.296  11.658   3.790  63.985  10.939   3.613
  62.548  11.551   3.117  60.744  55.514   6.134  61.368  55.262   5.378  61.307
  55.755   6.939   0.779   6.909  59.985   1.703   7.091  59.616   0.158   6.732
  59.206   6.008  58.419   7.461   5.301  57.750   7.739   5.838  58.674   6.496
  57.515  57.632  57.648  57.737  56.747  57.210  57.861  57.608  58.598   7.478
   0.672   4.729   7.437   0.766   5.736   6.589   0.970   4.349  63.755  53.896
  62.504  63.487  52.920  62.524  64.485  54.007  61.812  59.916  55.180   2.987
  59.964  56.147   2.694  59.763  55.160   3.987  56.021  62.643  61.416  56.956
  62.972  61.211  55.793  61.910  60.756   2.269   0.950  62.060   2.450   1.098
  63.044   3.142   1.053  61.559  61.148  57.583  53.640  60.620  56.756  53.890
  61.320  57.558  52.644   0.706   1.032   6.649  -0.132   0.581   6.305   1.378
   0.312   6.882   4.909   7.948   2.917   4.152   8.392   2.413   4.658   7.913
   3.896  61.746   4.485  54.911  61.193   5.327  54.814  61.128   3.733  55.187
  60.940  62.003   3.866  61.679  62.553   4.284  61.053  62.033   2.861   7.536
   6.038  62.512   8.144   5.231  62.554   6.590   5.730  62.695  59.076   5.034
  61.503  59.013   4.706  62.458  60.014   5.381  61.350  58.059   3.624  49.441
  57.189   3.783  48.948  58.797   3.534  48.756  57.015   3.066  55.218  56.741
   4.040  55.256  57.482   2.905  54.335  58.848   4.709   5.154  58.467   5.646
   5.130  59.856   4.777   5.107   0.438  13.705   5.170  -0.112  12.998   4.698
  -0.195  14.308   5.679  63.303  61.050  61.135  63.852  61.168  61.977  62.509
  61.676  61.187   9.524   4.617   1.379   9.361   4.398   0.405   9.179   3.847
   1.937  62.670   4.764  63.020  62.357   5.280  62.208  63.083   3.896  62.702
  58.610  56.881   7.316  59.266  56.195   6.965  58.144  57.305   6.524   6.092
   6.393   9.054   6.704   5.727   9.508   6.344   7.320   9.373  55.352  60.015
   6.275  54.379  59.915   6.017  55.425  59.911   7.279   3.514   1.477   7.732
   3.062   2.057   8.426   3.027   0.591   7.695  61.253  57.756  11.011  60.796
  56.999  11.501  60.575  58.190  10.398  55.626  60.539  59.811  55.458  59.887
  60.566  55.387  60.083  58.940   1.517  54.561   5.692   1.924  53.876   6.315
   2.192  54.769   4.968  63.044   9.479   5.537  63.583   9.524   6.392  63.281
  10.285   4.973   5.465  58.482  61.355   5.552  59.028  60.507   4.480  58.337
  61.537  58.690  63.648   1.085  58.508  63.008   0.323  58.109  63.378   1.868
   1.310  60.895  59.261   1.973  61.307  59.906   0.408  60.857  59.718  61.569
  58.994   3.666  61.097  59.771   4.110  60.928  58.570   3.008   4.007   0.082
   1.174   4.821  -0.051   0.589   4.322   0.324   2.104  60.263   0.369   6.406
  61.252   0.156   6.388  60.154   1.334   6.690   2.174  60.841  53.723   2.737
  60.320  54.383   2.477  60.598  52.789  57.633  63.703  11.022  58.181  64.256
  10.377  56.994  64.322  11.504   3.080  10.045   6.012   3.425  10.995   5.968
   3.877   9.423   6.059  61.826   1.562   0.070  61.298   2.255   0.584  61.191
   1.079  -0.553   7.978   0.741   0.568   8.304   1.175   1.422   7.867  -0.250
   0.742   8.116   1.589  62.070   8.204   0.895  61.339   8.050   1.106  62.957
   8.833  60.663  59.691   8.968  60.676  58.688   8.995  59.720  60.019  57.677
   4.447  59.278  58.170   4.650  60.138  57.492   5.323  58.806   8.297  56.628
   7.686   9.027  56.795   8.366   7.550  57.289   7.857   8.777   9.956   8.398
   8.408  10.026   7.459   9.608  10.531   8.454   5.230   1.553   3.658   4.806
   2.142   4.363   5.356   2.105   2.820  60.275  57.713   1.676  60.571  57.984
   0.747  59.346  58.082   1.831   1.547  62.987   0.994   0.954  63.801   0.898
   2.506  63.302   1.060  56.497   0.641   6.652  57.066   1.154   5.991  56.264
   1.261   7.417  54.472   6.937  54.084  53.753   6.652  54.737  55.350   6.537
  54.388  57.680  61.191   9.717  57.467  61.922  10.384  57.925  61.628   8.838
   4.066  57.043   8.425   4.173  56.910   9.423   3.164  56.673   8.153  58.479
  62.509   7.398  59.224  63.098   7.049  57.602  62.990   7.249  57.058   2.769
   0.716  56.714   2.225  -0.066  56.573   2.464   1.550  62.318   5.069  57.844
  63.143   4.532  57.609  61.516   4.455  57.790   4.852  63.103  57.137   4.883
  62.953  58.137   3.893  62.997  56.833   7.976  10.447   5.608   7.671   9.569
   5.210   7.711  11.190   4.974  55.525  62.486   5.064  55.584  63.160   5.816
  55.583  61.559   5.466  59.364  58.967   9.484  58.692  59.630   9.849  58.950
  58.509   8.682  63.041   7.199  54.042  63.450   7.715  54.811  63.181   6.212
  54.215   1.555  10.038   3.708   2.205  10.003   4.483   1.965   9.536   2.931
   6.633  59.937   2.142   6.450  59.470   1.263   7.397  59.458   2.600  62.576
  56.948   7.700  63.169  57.126   6.900  62.125  57.816   7.958  59.314   4.171
   0.212  58.398   3.742   0.249  59.863   3.809   0.980   5.630   3.007   1.496
   5.497   3.077   0.495   5.272   3.852   1.922  60.650  58.711  61.305  61.231
  58.370  60.550  61.075  58.433  62.180  55.163  59.216  57.144  54.423  58.551
  56.957  56.047  58.728  57.083  58.161  61.613  63.461  58.546  61.323  62.571
  57.314  61.084  63.625  56.754  60.316  55.059  57.586  60.392  55.630  55.960
  60.192  55.674  61.399  59.453  55.602  60.488  59.596  56.019  61.302  58.773
  54.859   7.372   1.903  58.348   6.404   2.184  58.252   7.942   2.554  57.825
  55.086  55.780  63.045  56.081  55.695  63.209  54.841  55.175  62.272   3.361
  55.246   3.836   4.254  55.291   4.308   3.455  55.703   2.938   5.404   9.876
  62.116   6.232   9.628  62.642   4.924   9.023  61.861  58.101   2.195  57.568
  57.989   2.946  58.237  57.665   2.479  56.700  63.213  58.817  59.630  63.180
  59.630  60.231  63.953  58.954  58.954   1.233  56.279   7.826   1.294  55.621
   7.060   0.280  56.278   8.167   7.537   8.551  10.211   7.577   9.080  11.072
   7.954   9.110   9.478  57.709  58.445   5.192  58.316  59.252   5.250  56.881
  58.634   5.741  58.971  61.818  54.246  59.430  61.140  54.841  57.981  61.610
  54.236  63.582   7.140   3.999  63.418   7.989   4.524  64.576   6.952   4.008
   2.812  55.927  57.705   3.332  55.493  58.457   3.012  56.919  57.715   2.931
  10.580  63.334   2.995  11.576  63.497   3.738  10.297  62.792  61.528   5.756
  60.694  61.964   6.663  60.800  61.837   5.359  59.816  56.010   1.273  62.449
  55.716   0.349  62.160  55.769   1.925  61.714   2.649  62.124  61.556   2.646
  61.473  62.331   2.371  63.032  61.905   6.225   8.705  59.470   6.361   9.602
  59.918   5.723   8.105  60.111  60.058   6.881  53.702  59.263   6.654  53.118
  60.894   6.815  53.136  57.608   2.330   4.795  58.147   1.779   4.138  58.023
   3.251   4.848   2.278  62.219  56.930   1.897  61.767  57.751   1.525  62.360
  56.269  62.265  56.163  59.727  63.059  55.566  59.537  62.614  57.079  59.979
   7.342   5.869  59.465   7.325   6.034  60.463   7.538   6.748  59.003  61.941
  54.725   1.338  61.572  54.971   0.429  61.173  54.706   1.996   4.281   3.225
   5.859   4.378   4.157   6.240   4.080   2.592   6.623  63.018   4.553   3.832
  63.655   4.230   4.549  62.959   5.561   3.894  57.763   5.886  52.594  57.052
   6.278  51.990  57.960   4.945  52.279  55.429  60.827  63.348  55.682  61.532
  62.667  54.607  61.147  63.843  61.905  58.857  63.608  62.097  59.794  63.277
  62.693  58.552  64.165   2.682   8.789   1.495   2.380   7.928   1.059   2.666
   9.520   0.795  60.908   3.302   2.059  60.504   2.512   2.545  61.472   3.823
   2.718  60.882   6.453   0.318  60.216   5.726   0.545  61.687   6.019  -0.114
  55.579  59.699   8.851  55.897  58.755   9.026  56.203  60.336   9.328   5.153
   7.894  56.960   5.246   8.433  57.811   5.999   8.012  56.418   3.437   6.596
  58.765   3.116   5.667  58.524   3.811   7.027  57.929   4.694   4.919  62.404
   3.718   4.685  62.270   5.253   4.225  61.925  55.631   2.734  60.129  54.749
   2.940  59.676  56.285   3.470  59.895  58.076   0.737  60.334  57.272   1.300
  60.581  58.177   0.756  59.328  63.542  57.489   4.913  62.838  58.060   4.461
  63.249  56.523   4.853   2.259  63.074   7.671   1.355  62.680   7.897   2.949
  62.337   7.736   3.562  60.395   7.839   4.401  59.838   7.931   2.794  59.878
   8.247  55.661   7.280  51.621  55.023   7.198  52.402  55.699   8.253  51.347
  62.722   7.706  57.156  62.569   6.717  57.305  61.831   8.134  56.941   1.688
   5.072  62.018   1.209   4.188  61.902   1.276   5.739  61.379  57.818  56.130
  63.024  57.830  56.396  62.048  58.671  55.623  63.222   7.208   8.045   4.455
   8.071   7.783   3.996   6.473   8.060   3.759  60.355   8.661  55.687  60.242
   8.030  54.905  60.845   9.484  55.360   3.049  59.480  63.654   2.150  59.940
  63.717   3.109  58.802  64.403   5.655   4.048  57.914   5.172   4.722  57.334
   5.930   4.509  58.771   7.758  63.565  59.847   8.273  62.831  59.378   7.709
  64.362  59.226   4.183   5.279   2.322   4.550   6.198   2.537   3.376   5.394
   1.722   2.312  54.347  61.017   3.055  53.852  61.492   2.263  55.283  61.397
  58.772  55.658  56.308  59.595  56.186  56.569  58.929  54.688  56.549  61.155
   7.377   2.681  62.131   7.286   2.931  61.051   7.099   1.713   0.581  62.754
  54.958   1.043  62.009  54.453  -0.406  62.718  54.739  59.766   0.441  54.019
  60.066   0.601  53.066  59.293  -0.452  54.056  60.948  57.032  57.380  61.483
  56.539  58.083  61.264  57.993  57.360   8.428  61.258  62.425   8.381  61.095
  61.427   9.236  61.837  62.612   8.209   2.687   2.883   7.356   2.783   2.347
   8.072   1.952   3.564   1.257   3.552   5.544   2.206   3.462   5.205   1.006
   2.691   6.011  59.302  60.509   5.522  59.834  61.057   4.858  59.027  61.116
   6.283   0.470  60.811  63.814   0.046  60.220  64.517   0.794  61.656  64.266
  60.558   8.284   5.126  61.415   8.804   5.264  60.616   7.814   4.231   5.147
  59.767  58.923   5.063  60.720  59.251   5.750  59.766  58.110   7.927  62.119
   1.078   8.077  61.764   0.142   7.279  61.502   1.550  59.654  61.205  61.395
  60.078  60.294  61.274  60.286  61.899  61.019   0.053   3.444  56.093   0.425
   2.547  55.807  -0.883   3.531  55.720   4.275   5.690   7.166   3.314   5.959
   7.335   4.782   5.769   8.038  57.297  62.718   3.112  56.510  62.849   3.733
  57.727  61.829   3.332   8.548  60.547  56.766   7.554  60.500  56.583   8.986
  61.040  55.999  11.473   6.357   0.452  12.035   6.755   1.193  10.684   5.885
   0.875  60.907  61.659   1.176  60.649  60.792   0.723  60.265  62.378   0.870
   0.635  54.942  58.971   1.105  55.475  58.251   1.338  54.462  59.518  58.961
  59.885  56.644  58.621  58.951  56.835  58.844  60.440  57.482  56.627  57.141
   9.149  56.710  56.700  10.056  57.369  56.789   8.558  58.307   3.267  52.568
  58.034   2.880  51.674  59.295   3.095  52.698   5.508  59.312   4.927   6.097
  59.661   4.181   4.632  59.816   4.898  63.334   0.844  59.897  64.281   0.488
  59.888  62.975   0.807  58.951   1.783  58.613   3.621   1.053  58.294   4.245
   2.412  59.204   4.149   0.640  55.381   0.956  -0.295  55.407   1.339   0.639
  54.755   0.161   6.369   3.432  60.974   6.962   4.116  60.521   6.952   2.665
  61.282   0.420   1.550   0.848  -0.498   1.370   0.464   0.539   2.551   0.927
  56.680   5.807  55.092  57.099   5.802  54.171  57.248   6.390  55.693  63.552
   1.292   3.526  63.381   2.229   3.867  63.807   1.354   2.549  57.818  58.457
   2.474  57.102  57.812   2.166  57.871  58.409   3.483   7.672   8.730  62.972
   8.624   9.065  63.041   7.700   7.724  62.858   1.602   1.238  55.087   1.303
   0.280  55.217   2.577   1.230  54.815   9.181   3.895  62.760  10.071   4.119
  62.334   8.918   2.963  62.468  58.072  57.601  60.641  57.290  58.049  61.101
  58.917  58.087  60.911   2.795  56.802  62.304   2.773  57.808  62.411   3.165
  56.402  63.157  58.027   7.733  56.692  58.826   8.240  56.332  57.255   8.381
  56.776  58.767   0.974   9.000  59.406   0.238   8.729  59.088   1.839   8.586
   2.826  12.977   6.053   1.831  13.123   5.942   3.306  13.793   5.696   0.226
   2.774  61.575  -0.554   2.423  61.035   0.801   1.987  61.846  61.270  55.315
  62.544  60.920  55.544  61.622  62.242  55.047  62.454   7.773  56.681   0.899
   7.815  56.993   1.860   7.705  57.498   0.305   8.311   3.900  56.723   8.709
   4.668  56.197   7.356   4.140  56.957  59.641   0.307  62.460  59.080   0.714
  61.722  59.099   0.324  63.314   8.903  55.546   5.169   9.835  55.174   5.302
   8.560  55.865   6.066  56.273  56.938   1.166  55.525  56.380   0.774  57.016
  56.994   0.482   0.118  61.194   7.528  -0.855  60.918   7.560   0.670  60.449
   7.934   2.712  57.069   1.360   1.998  56.385   1.147   2.464  57.523   2.230
   1.613  58.997   8.918   1.015  58.930   9.731   1.453  58.182   8.341   6.974
  59.109  63.508   6.355  58.874  62.743   7.621  59.816  63.185  62.607   0.589
  57.219  62.531  -0.291  56.725  61.839   1.180  56.929   4.899   7.992   6.051
   5.896   8.108   5.924   4.739   7.086   6.473  61.735  62.006  54.746  60.783
  62.057  54.409  61.936  61.042  54.980   4.719   7.259  60.990   4.722   6.561
  61.723   4.094   6.945  60.258   8.354  59.787   4.919   8.656  60.713   4.645
   7.579  59.885   5.562  60.387   2.154  56.030  60.021   1.612  55.258  59.691
   2.168  56.764  61.049   3.046  52.486  61.653   2.291  52.784  61.416   3.911
  52.863   7.989  57.414   3.557   8.330  56.579   4.015   8.062  58.184   4.210
   2.824  58.823  57.952   2.093  59.445  58.274   3.704  59.151  58.327  59.931
   1.014   3.429  60.082   0.583   4.332  59.899   0.282   2.731  59.776   3.033
   7.297  58.972   3.356   6.775  60.389   3.823   7.453  60.997   5.494   7.424
  60.214   6.098   7.211  61.824   6.070   7.518  63.074  54.801   4.600  63.998
  54.755   5.010  63.114  54.374   3.684   8.862  62.272   3.805   8.751  62.304
   2.800   8.421  63.093   4.198
