restart created by ParmEd
  929  0.0000000e+00
  27.9935384  11.4235043  18.6983705  28.5521269  10.6384790  18.3181214
  27.6716614  11.9270909  17.8523958  28.5511255  12.0371187  19.3192208
  26.7943978  10.8387279  19.4962013  26.2532568  10.2167559  18.7873316
  27.2262979   9.9333930  20.6458712  26.3639259   9.4369668  21.0863471
  27.8305697   9.1821533  20.1412606  28.0193400  10.6023014  21.7772317
  28.7308025  11.3149285  21.3661742  27.3671865  11.1222124  22.4753499
  29.0409660   9.4447655  22.7238512  27.7220821   8.5806280  23.6614204
  26.7846417   8.5648221  23.1101131  27.6240373   9.1013467  24.6112752
  28.1386876   7.5924391  23.8428163  25.8519173  11.9175029  20.0040817
  25.9538746  13.0616081  19.5337093  24.9787879  11.6195786  20.9581566
  24.8668003  10.6971180  21.3568258  24.1951275  12.6260078  21.6795969
  23.6980772  13.3079386  20.9933782  23.0859494  11.8591344  22.4743319
  22.5667763  12.5527215  23.1318855  22.1284080  11.1688852  21.4893341
  21.8419456  11.7905748  20.6434107  22.5719714  10.2382970  21.1409116
  21.2384009  10.8475876  22.0267296  23.6776185  10.8440733  23.2254577
  24.3527842  11.2936270  23.7562895  25.1161051  13.4434366  22.6318788
  25.8603811  12.8257895  23.3531261  25.0387573  14.7773790  22.7581930
  24.4241619  15.7053530  21.8482494  23.4483147  15.9841299  22.2393894
  24.3188620  15.3370392  20.8302903  25.3777909  16.8867970  21.8090892
  24.8796844  17.7572250  21.3867354  26.2304664  16.6689718  21.1690617
  25.8510447  17.0006299  23.2317710  26.8236852  17.4619126  23.3909178
  25.1471758  17.6398563  23.7610126  25.8116031  15.5499220  23.7353063
  26.8445993  15.2101517  23.7139392  25.2830815  15.4666758  25.2139211
  24.1933799  14.9725699  25.4480767  26.0949898  16.0238588  26.1665630
  26.9739032  16.4406753  25.8905411  25.6457853  16.3991964  27.4849463
  24.5840645  16.1802614  27.5732637  26.4011335  15.5798125  28.5365105
  26.2245941  14.5095837  28.4494352  27.4568725  15.7691991  28.3529758
  26.2173367  15.9120762  29.5562935  25.9526634  17.9315138  27.5973630
  26.6246438  18.5567939  26.7718935  25.3567958  18.5295200  28.6592579
  24.9041128  17.9651046  29.3656039  25.4725671  19.9992871  28.8557100
  25.9329653  20.5023527  28.0083966  24.0478182  20.6609130  28.9298201
  24.1976166  21.5998387  29.4590807  23.4952474  20.9854722  27.5468254
  22.6526618  21.6490150  27.7309394  24.2764282  21.4269924  26.9312334
  23.1682634  20.0916767  27.0192361  22.9557490  19.8992193  29.5713520
  22.7792311  18.9866293  29.0055251  23.2021046  19.7068798  30.6136823
  22.0016265  20.4210424  29.5328045  26.3490224  20.1272964  30.0529671
  25.9107900  19.9305499  31.1919665  27.6789856  20.3431535  29.8406529
  27.9434776  20.6162763  28.9037132  28.4930062  20.8938074  30.9069443
  28.4021473  20.2291822  31.7630982  29.9282980  20.9769559  30.3733778
  29.9602723  21.7425776  29.6015072  30.8039737  21.1933541  31.6017318
  30.7651258  22.2180629  31.9658780  30.5303574  20.3926754  32.2859740
  31.8493223  20.9888387  31.3791108  30.2431536  19.7012556  29.8890281
  30.7630086  19.7842228  29.0750289  27.9995251  22.2638559  31.3922286
  27.4976778  23.0385160  30.5688882  28.1205416  22.5757933  32.7090502
  28.7152815  21.9465065  33.2312512  27.9386544  23.9242292  33.1439209
  27.3149586  24.5012140  32.4648976  27.2629070  24.0952730  34.4513559
  27.7824807  23.5087466  35.2056861  27.1503329  25.5223298  34.9229789
  26.2814689  25.6392288  35.5676127  28.0865002  25.8163905  35.3933549
  26.8790674  26.2035537  34.1189313  25.9551716  23.5583377  34.3999290
  26.0841322  22.6405215  34.1158342  29.2686009  24.6570969  33.1911659
  30.2938390  24.1281176  33.6927319  29.2494011  25.9433055  32.7819323
  28.3453035  26.3185239  32.5285006  30.2835131  26.9337916  33.0613279
  31.0070467  26.4550495  33.7172914  30.9911585  27.3995733  31.7825747
  30.2688217  27.9243517  31.1605000  31.7238855  28.1599545  32.0453930
  31.6720962  26.2973595  31.0208583  30.9543204  25.5029631  30.1165008
  29.9054480  25.6924701  29.9220252  31.5969968  24.4306469  29.4180632
  31.1045122  23.9304042  28.5927844  32.9549551  24.1662192  29.6727657
  33.6749220  23.1975508  29.0109396  34.6206570  23.2647943  29.2129087
  33.6176634  24.9486232  30.6460404  34.6736121  24.8564911  30.8704305
  32.9520345  25.9868240  31.3192725  33.4636927  26.5903807  32.0594025
  29.5536327  28.0771422  33.8190913  28.3232522  28.2705736  33.8319802
  30.3679371  28.8774490  34.4834781  31.3664794  28.7225485  34.5199561
  29.8512721  29.9932623  35.2671337  28.8391447  30.2521491  34.9645448
  29.8174190  29.6401978  36.7979360  30.8465552  29.4508767  37.0965600
  29.1498494  28.8105035  37.0217633  29.3493032  30.7465196  37.7914929
  28.5473657  31.3756418  37.4103856  28.9233041  30.2021360  38.6319113
  30.4356503  31.6026068  38.3710384  30.0498486  32.5341535  38.7803268
  31.0362458  31.9328046  37.5258207  31.2127399  30.7630110  39.2906499
  31.3594341  29.7523284  38.9175940  32.1965671  31.2179470  39.3760681
  30.4980254  30.5412865  40.6465721  30.2405381  31.5111113  40.9035110
  29.5651126  30.0992966  40.5617332  31.0417438  30.0561762  41.3827229
  30.6975246  31.2086129  34.9666667  31.8517685  31.0794258  34.5954275
  30.0196147  32.3639798  35.1190448  29.0104699  32.3738790  35.1818442
  30.7115412  33.6436033  35.1813722  31.7853999  33.4934497  35.0961280
  30.2017379  34.5163631  34.0222526  29.1251302  34.6401787  34.1208529
  30.4071808  34.1031361  33.0367684  30.6780505  35.9464622  34.0544319
  30.4847407  36.4270210  35.0114226  32.1445656  36.0333657  33.7300157
  32.4547958  37.0755362  33.7721896  32.6717377  35.5754399  34.5646024
  32.3559880  35.5805159  32.7633905  29.9757624  36.7222047  33.0452084
  30.1631880  36.3206840  32.0513296  30.3091121  37.7580667  33.0426121
  28.9037037  36.7126393  33.2315803  30.4041529  34.3606138  36.4822602
  29.2484856  34.5376134  36.8942523  31.4638829  34.8819923  37.1336198
  32.3891735  34.7155809  36.7613864  31.3221860  35.9271193  38.1625104
  30.3293467  35.8191705  38.5933256  32.3746967  35.7161522  39.3134046
  33.3592939  35.7663846  38.8527679  32.2561216  36.7961836  40.4053259
  32.9918766  36.6796994  41.1985683  31.2810349  36.7656517  40.8874226
  32.5649667  37.7537966  39.9909210  32.2567749  34.4161749  40.1487350
  33.1817031  34.3562603  40.7188702  32.2431517  33.5936022  39.4364667
  31.4034128  34.4371915  40.8236218  31.5001941  37.3168111  37.4741816
  32.3652983  37.5342226  36.5967274  30.7886362  38.3078837  38.0113077
  30.2834415  38.0939031  38.8606620  30.8351016  39.6435261  37.5153756
  31.6633344  39.7587466  36.8198633  29.4562364  39.9533749  36.8412781
  28.7075210  40.0010824  37.6294970  29.4475508  41.1862040  36.1037421
  28.4394216  41.5942192  36.0672736  29.6913266  41.0615826  35.0505686
  30.1682186  41.8995142  36.4986634  28.9442849  38.7741423  36.0105944
  29.5586157  38.7494826  35.1127458  29.0548062  37.7973199  36.4772248
  27.4908566  38.9645004  35.6282997  27.1739936  38.0679059  35.0992870
  27.3130441  39.8843336  35.0747395  26.8700886  39.1538787  36.5017557
  31.0341787  40.5289936  38.7304521  30.4601145  40.2930975  39.7942853
  31.9555163  41.4962387  38.5710859  32.3875690  41.7338324  37.6883101
  32.2729731  42.4116373  39.6707320  31.6322660  42.1375227  40.5058003
  33.6867762  42.2402763  40.2543211  34.4701648  42.6058960  39.5934367
  33.7225199  42.7515364  41.2142611  34.0045500  40.7838201  40.5263233
  34.0045118  40.2500200  41.6119766  34.3746948  40.0525999  39.4615102
  34.4847202  39.0593409  39.6155953  34.2552161  40.3882694  38.5152245
  31.9740725  43.8898420  39.3805480  31.8344712  44.6342325  40.3250170
  31.9916034  44.3295860  38.1163693  31.6846967  43.7979221  37.3129058
  32.5374579  45.6974363  37.9271078  33.0773282  45.6722832  36.9832373
  33.1860924  45.9574127  38.7605762  31.4017844  46.7586899  37.9224729
  30.3600383  46.6581058  38.5544229  31.6978550  47.9030943  37.2029495
  32.2195649  47.7070522  36.3592672  30.9953332  49.1565275  37.1570539
  31.1376691  49.7078466  38.0837536  31.4924121  50.0357246  35.9864807
  30.8983517  50.9418058  35.8852458  31.3858914  49.4786930  35.0577664
  32.9710817  50.5602932  36.1174846  32.9998398  51.5465832  36.5763402
  33.3587813  49.9535990  36.9334245  33.7917209  50.5909538  34.8571730
  33.5952806  51.4774752  34.2574811  33.4814095  49.7387981  34.2557740
  35.2408838  50.4645824  35.3455806  35.5574298  51.3860416  35.8281708
  35.2175546  49.6578598  36.0741615  36.1993504  50.0158167  34.2763352
  36.0040569  49.0312719  34.0205789  37.2134185  50.0527191  34.4841480
  36.0495901  50.5575418  33.4062839  29.5321655  49.0328979  36.9616270
  28.7798500  49.6531486  37.6548934  29.1200352  48.2494497  35.9728408
  29.8158884  47.9338837  35.3105593  27.7564335  48.1394243  35.5536747
  27.1789384  49.0023565  35.8774543  27.7130151  48.0570555  34.0390515
  26.6757083  48.2277441  33.7600446  28.4663892  49.1985846  33.4208465
  28.4905100  49.0963936  32.3377419  28.0301714  50.1675367  33.6553478
  29.5097494  49.2128324  33.7296128  28.0641985  46.7555857  33.5717916
  28.1382465  46.8568945  32.6105523  27.0949125  46.8645191  36.1192441
  25.9729505  47.0229244  36.5729046  27.7920604  45.7051134  36.2023115
  28.6912727  45.5570746  35.7642269  27.0447755  44.5216799  36.5939212
  26.1079264  44.7735119  37.0857334  26.7959237  43.8135815  35.2917361
  26.2504220  44.4677591  34.6145225  27.7349544  43.5672855  34.8001075
  25.8781791  42.5984383  35.4324246  26.3138676  41.8437147  36.0841179
  24.4410729  42.9207802  35.8797145  24.3968821  42.9645395  36.9661188
  23.8250470  42.1058607  35.5048084  24.0044713  43.8358831  35.4846048
  25.7748056  42.0007372  34.0446186  25.1738048  41.1044216  33.9048004
  25.4124022  42.7483702  33.3418679  26.7816973  41.6918898  33.7708998
  27.8843689  43.6798477  37.5821423  29.1355276  43.7255382  37.6934361
  27.1201706  42.8986311  38.3979869  26.1315870  42.7953529  38.2123900
  27.5463438  42.2656155  39.6322489  28.5968590  41.9896174  39.5754266
  27.2960305  43.1740189  40.7859039  26.3335776  43.6793280  40.7360172
  27.2663593  42.5373936  41.6679239  28.4858799  44.1725493  40.8547211
  29.3998694  43.6226129  40.6394625  28.3710742  44.9724531  40.1259470
  28.5303211  44.8421431  42.2371817  28.4516835  44.0914488  43.0210257
  27.6749825  45.4886246  42.4231863  29.8179078  45.6596279  42.5817537
  30.6308150  44.9618721  42.7674818  29.6409273  46.1761093  43.5220242
  30.1980948  46.5508175  41.4579058  30.7410669  47.3530436  41.8246317
  29.3590331  46.9562483  41.0057116  30.7473731  46.0794926  40.7169437
  26.8087316  40.9520388  39.7603440  25.6692410  40.9255886  39.3316674
  27.4618196  39.8577046  40.2571201  28.4500313  39.9362826  40.4563046
  26.7056179  38.5864115  40.5148888  25.6790280  38.6436462  40.1601791
  26.7792416  38.3437419  41.5725660  27.3130250  37.3513293  39.8191023
  28.4757209  37.1020389  39.7617769  26.3108993  36.5144515  39.4376683
  25.3305268  36.7448115  39.5283031  26.4894652  35.1268196  39.0476060
  27.4935651  34.9284244  38.6796284  26.0835290  34.2374826  40.1997042
  25.2138424  34.6082044  40.7385445  25.8294034  33.3003092  39.7085166
  27.2459650  33.9750624  41.1513042  26.8499827  33.8582182  42.1581268
  27.8519869  34.8649549  41.3093185  28.1425810  32.7677870  40.8927345
  27.7497149  31.7368913  40.3613520  29.3172789  32.9002309  41.3533163
  25.4727173  34.8871470  37.8672600  24.3002582  35.3442073  37.8406477
  25.8814049  33.9810920  36.9198132  26.8252039  33.6215734  36.9688368
  25.0817800  33.4120536  35.8715558  24.1679859  33.1050253  36.3752413
  24.7426343  34.4386768  34.7813535  24.2548323  35.3131223  35.2060628
  25.9543085  34.8408937  33.9650679  26.3800478  33.9666581  33.4766030
  25.6619143  35.4790306  33.1335473  26.6745877  35.3352356  34.6138859
  23.7588501  33.8815260  33.8262057  23.3086204  34.6450734  33.4337592
  25.7912850  32.2550654  35.3506970  26.9497109  32.0197845  35.5559802
  25.0885582  31.4400697  34.5546460  24.2200613  31.8332863  34.2177415
  25.6443310  30.2330589  33.9811945  26.7257476  30.3350639  34.0370297
  25.2654195  28.9739585  34.7447967  25.8008909  28.1120181  34.3532443
  25.4097962  29.1920471  36.2574244  25.5416584  28.1938338  36.6701198
  26.2964726  29.7779059  36.4913440  24.5306826  29.6621513  36.6936564
  23.8650155  28.6689472  34.3887258  23.5899019  29.4578648  33.8971448
  25.2731180  30.1414537  32.4687672  24.1825175  30.6123495  32.0623660
  26.1551189  29.3937731  31.7309427  26.9279838  28.9635539  32.2208428
  25.7323170  28.7690639  30.4639196  24.6648097  28.9564848  30.3728819
  26.3677573  29.4055295  29.2229486  26.4386034  30.4866362  29.3187165
  27.7857900  28.9315605  29.0030050  28.4101772  29.0078711  29.8909521
  27.8201461  27.8974772  28.6659145  28.2721710  29.5084381  28.2189179
  25.6332088  29.0521169  28.0811596  25.7385945  29.8039722  27.4783850
  25.9159374  27.2662258  30.6056452  26.3904452  26.7627501  31.6556597
  25.4395866  26.5574265  29.5442033  25.1885605  27.1048331  28.7319565
  25.0904131  25.1251674  29.4506192  25.7011724  24.6957970  30.2415657
  23.6111093  24.8112273  29.8139000  23.4872913  23.7306881  29.8491144
  22.9120636  25.2414393  29.0994811  23.3714938  25.4230547  31.2077022
  24.3375015  25.3878641  31.7074299  23.1566191  26.4823508  31.0817742
  22.4190450  24.7909284  32.2545266  22.6835036  23.7516666  32.4392939
  21.4033461  24.8330665  31.8663001  22.3769665  25.4783678  33.6371207
  21.9820929  26.4755750  33.4586954  21.7375255  24.9383116  34.3311191
  23.7847948  25.5493236  34.2344761  24.2536449  26.3934398  33.8596034
  24.3407202  24.6964455  34.0436077  23.7123918  25.7596278  35.2461147
  25.5358791  24.4832587  28.1393933  24.7259593  23.8714695  27.4039698
  26.8663096  24.6256232  27.8838468  27.4649715  24.8153830  28.6763167
  27.5528645  24.3375540  26.6700387  26.8379044  24.3874335  25.8519125
  28.7106228  25.3031969  26.5009785  28.3427930  26.2674975  26.8458915
  29.0196157  25.3340888  25.4580450  29.5600438  25.0686002  27.1394038
  27.9946899  22.9064774  26.7019296  27.8583169  22.2194123  27.7014065
  28.6031246  22.4802613  25.5720949  28.9850211  23.1903338  24.9618769
  29.4188142  21.2680006  25.5902958  29.1223383  20.6530571  26.4370131
  29.3706083  20.4665017  24.2934680  30.0244927  19.5975709  24.3326378
  28.0247068  19.8698843  24.0057564  28.0763364  19.2483521  23.1140327
  27.2855139  20.6462479  23.8186956  27.7918482  19.2604148  24.8766589
  29.7219157  21.2784481  23.0620337  30.7357335  21.6647601  23.1461453
  28.9863992  22.0539570  22.8577304  29.6436858  20.6393695  22.1847653
  30.8689952  21.6196632  25.8459258  31.5999079  20.7548976  26.2381005
  31.2917066  22.8968048  25.6707716  30.7398510  23.6143494  25.2202201
  32.7151156  23.2206535  25.6428814  33.2109141  22.5716972  26.3612294
  33.2768941  23.0022001  24.2547440  34.3577218  22.9925108  24.3806672
  32.9730678  22.0280409  23.8767981  32.9580450  24.1577315  23.3364367
  33.6420035  25.1939392  23.3876491  31.9152260  24.0440273  22.6817942
  32.9006767  24.6636415  26.1867881  31.9664693  25.4500651  26.1582446
  34.1080427  25.0685477  26.6032481  34.8900509  24.4312739  26.5342855
  34.3077612  26.4002180  27.2061944  33.5459089  26.5584993  27.9661369
  35.6821275  26.3919044  27.8580284  35.6961632  25.5295515  28.5215807
  35.7796550  27.3056841  28.4408093  36.4099503  26.2827754  27.0564652
  34.2735362  27.5551987  26.1859703  33.9329290  28.6995053  26.4728785
  34.6874905  27.2550440  24.9105978  34.7044516  26.2898374  24.6097636
  34.9215174  28.2729125  23.8372540  35.3471899  29.1493726  24.3205786
  35.8773208  27.6482725  22.8150964  36.6066551  27.0579839  23.3662534
  35.4377174  26.8447447  22.2275352  36.6836023  28.6614060  21.9268942
  37.6228762  28.1776738  21.6663074  36.9071579  29.5011091  22.5819230
  36.1190772  29.0632534  20.6020236  36.3829541  30.1841950  20.1015997
  35.4152083  28.2007384  19.9581015  33.5988712  28.7261367  23.2469034
  33.3720112  29.9316311  23.0090189  32.6172638  27.8017068  23.0872130
  32.7742720  26.8037319  23.1297445  31.2379241  28.1835389  22.9178333
  31.0858893  28.8686824  22.0869017  30.3007173  26.9851971  22.5687337
  30.4388285  26.2754560  23.3812451  28.8257146  27.2611546  22.3338389
  28.2832527  26.3651180  22.0389032  28.5988402  28.0280733  21.5959406
  28.4232807  27.5832057  23.2922125  30.7488060  26.3670611  21.3681054
  31.3029933  25.6036067  21.5911412  30.7569528  28.8137889  24.1902971
  30.0124264  29.7920370  24.0415597  31.1792398  28.4711599  25.4760075
  31.7254281  27.6285291  25.5945849  30.6194758  29.0604878  26.6401863
  29.5517492  29.1715431  26.4652252  30.9287667  28.2534146  27.8955650
  31.9745541  28.1331110  28.1712365  30.4945493  28.7374353  28.7680983
  30.5236602  27.2436094  27.8775811  31.0645819  30.5038691  26.8315005
  30.2842545  31.3187814  27.3234296  32.3044467  30.8865905  26.4334202
  33.0148840  30.1831245  26.2823439  32.7892661  32.2280312  26.6790938
  32.6961803  32.4180031  27.7459717  34.2878413  32.4617696  26.3420868
  34.9234962  31.6906023  26.7726541  34.4938517  32.4751353  25.2736688
  34.7745442  33.7325358  26.9806457  34.0415716  34.5309854  26.8838620
  34.8538184  33.6008716  28.0579209  36.0986900  34.2314219  26.4957309
  36.9735813  34.4902301  27.3608899  36.1819649  34.7788882  25.3496122
  31.9165134  33.2162809  25.9607863  31.5147471  34.2693162  26.5145373
  31.4749360  32.7830720  24.7273874  31.8677163  31.9766951  24.2605948
  30.8619928  33.7552810  23.7852430  31.3915038  34.7051406  23.7660408
  30.8286071  33.0985022  22.3993373  30.2915788  33.7480974  21.7110276
  30.2199245  32.1973562  22.4390817  32.2310877  32.7650380  21.8634415
  32.9236221  32.4745035  22.6509213  32.6075125  33.6409831  21.3388801
  32.1025300  31.6789317  20.7747078  31.3565826  32.0658231  20.0833225
  31.7026877  30.7529497  21.1831474  33.3768630  31.4103031  20.0265431
  33.4262896  32.0708466  19.1643274  34.2406774  31.6193795  20.6528735
  33.4798098  29.9980021  19.5952463  34.4538522  29.6701431  19.4662845
  32.9029298  29.8022127  18.7575376  33.1493926  29.4247246  20.3921509
  29.4567728  34.0961051  24.2323470  29.0050244  35.2421355  24.0620661
  28.7499070  33.1086564  24.8894477  29.0953445  32.1595907  24.8408484
  27.4535990  33.3421802  25.5095243  26.8023300  33.6979032  24.7143579
  26.9431710  32.0120001  25.9854793  27.0509553  31.2607980  25.2055955
  25.8839417  32.0304632  26.2341332  27.4411797  31.6367698  26.8772936
  27.5615430  34.4283891  26.6336751  26.7206573  35.3319478  26.7604613
  28.6558533  34.4682837  27.4088669  29.4029260  33.7973499  27.2899509
  28.8956690  35.4749203  28.3643508  27.9824829  35.7109809  28.9059687
  29.8768854  34.9459243  29.3800402  29.9744463  35.7861543  30.0646091
  30.8683801  34.8700213  28.9380956  29.4520521  33.7200260  30.1210666
  28.3469725  33.7024045  30.9733558  27.6453686  34.5279956  30.9687114
  28.1249571  32.5379729  31.7218113  27.2387385  32.4595070  32.3401380
  29.0140820  31.5051127  31.7422891  28.9061666  30.7036686  32.4633360
  30.0979710  31.5455842  30.9690142  30.8102393  30.7298517  31.0025144
  30.3508520  32.6621556  30.1778793  31.2859607  32.7470017  29.6372843
  29.3369460  36.7942143  27.7260733  29.0729856  37.8784275  28.2824659
  30.1465416  36.8016601  26.6681266  30.5364108  35.9669137  26.2514591
  30.6673050  38.0346918  26.1172390  30.8912373  38.6996388  26.9483137
  31.9104791  37.7670789  25.3035545  32.0687628  38.6279416  24.6570253
  31.9004536  36.8873429  24.6631598  33.1578779  37.7026153  26.2044096
  33.0311465  36.8262053  26.8368530  33.1650972  38.5167790  26.9263673
  34.5414090  37.5230670  25.5446339  34.7432923  38.3148742  24.8260093
  34.5221758  36.5849900  24.9934673  35.6261253  37.5516605  26.5840483
  35.3823447  36.8638349  27.3900509  35.6780124  38.5667586  26.9701385
  36.9825864  37.1390963  26.0582805  36.7179155  36.5031600  25.2847076
  37.6536298  37.8980351  25.8424377  37.3259997  36.4794445  26.7792559
  29.7123122  38.7778115  25.2367044  29.6485114  39.9913430  25.2223706
  28.8209701  38.0333805  24.4902706  28.8511419  37.0229292  24.4681883
  27.5922656  38.6559582  24.0356565  27.9125118  39.3985939  23.3083892
  26.7241311  37.6858330  23.2347012  26.1605525  36.9764566  23.8374519
  27.4464178  37.2106385  22.5739217  25.7241654  38.3606219  22.3557973
  24.9199843  38.7179399  22.9959154  25.2853727  37.6052237  21.7069721
  26.2083006  39.5278144  21.4649940  26.9766188  39.3441868  20.5619454
  25.7764840  40.7269669  21.7501235  25.7912421  41.3942862  20.9905958
  25.0339317  40.8679104  22.4218106  26.8079758  39.3713713  25.1920223
  26.3977957  40.5188274  25.0883937  26.6630983  38.6512899  26.3207746
  26.9673252  37.6905155  26.2384987  25.7636762  39.1313076  27.3754191
  24.8349094  39.4808316  26.9302106  25.4597640  38.0649471  28.4079337
  26.3289452  37.9396534  29.0505576  25.2194476  37.1425414  27.8830028
  24.2807102  38.4556127  29.2149234  23.1034422  38.7691355  28.5674429
  23.0488563  38.6024022  27.4982905  22.0629144  39.2717910  29.3178248
  21.1211276  39.3832088  28.7939048  22.1937394  39.6132398  30.6841612
  21.1444545  40.2205849  31.2955880  20.5427837  40.6132555  30.6447959
  23.3469725  39.2582965  31.3310528  23.4430194  39.5197391  32.3780918
  24.3423104  38.6203814  30.6088281  25.3155398  38.4742308  31.0619617
  26.3314414  40.3762960  28.0303526  25.6347012  41.3127851  28.3742928
  27.7162695  40.4897690  28.1487727  28.3476376  39.7715354  27.8202534
  28.3065057  41.7405510  28.6167359  27.8012657  42.0642996  29.5238757
  29.7927427  41.4458561  28.8812113  29.9068236  40.7160711  29.6802974
  30.2651024  42.3624849  29.2287946  30.3077054  40.9861326  28.0400157
  28.1122947  42.8463554  27.5514531  27.9304075  44.0132856  27.8853297
  28.1826353  42.3645687  26.2667346  28.0968404  41.3763380  26.0706496
  28.0589914  43.3103371  25.2327442  28.5893726  44.1797113  25.6146646
  28.8837099  42.8482389  24.0138769  28.2337546  42.3139906  23.3237457
  29.6662712  42.1468067  24.2962432  29.5937371  43.9404583  23.1986499
  30.5747271  43.6787510  22.4978209  29.1529417  45.1894760  23.2784581
  28.3027029  45.4150868  23.7770605  29.6786189  45.8977413  22.7840567
  26.6283798  43.7337685  25.0094056  26.5195584  44.6453714  24.2425823
  25.5889654  43.1138420  25.6026363  25.7605219  42.1458530  25.8392239
  24.2217112  43.5176372  25.4505992  24.1432715  44.0013552  24.4795942
  23.3515334  42.3083210  25.4495144  22.3120117  42.6292086  25.4732513
  23.5192895  41.6183567  26.2741017  23.5156369  41.5542412  24.1475725
  23.8606191  42.1975422  23.1093216  23.5477090  40.3192472  24.0949535
  23.9091420  44.6084070  26.5255046  23.2586074  45.6275940  26.1887336
  24.4923687  44.4994688  27.7501679  25.0578046  43.7099028  28.0317354
  24.3846893  45.5463505  28.7675929  23.3552980  45.8968639  28.7893915
  24.6424723  44.9846172  30.1703048  24.4430947  45.7700157  30.8966255
  25.6688189  44.6382570  30.2741623  23.6815572  43.8504171  30.6021714
  22.6030278  44.0731621  31.1153817  24.0640950  42.5832844  30.3912473
  23.2715082  41.9682503  30.5175662  24.8442626  42.3485947  29.7923565
  25.3575587  46.6876078  28.4053993  24.9106550  47.8505325  28.3634114
  26.6773796  46.4672852  28.1210446  26.9966102  45.5080843  28.1002736
  27.6875782  47.4218464  28.4979606  28.3628941  47.5721216  27.6587057
  27.2988200  48.4131432  28.7197280  28.4968257  46.9958162  29.7404194
  28.0400753  47.1875334  30.8712459  29.7545242  46.4989662  29.4991255
  30.0667071  46.3055229  28.5570359  30.7210994  46.1729717  30.5472255
  30.6109142  46.7017555  31.4912748  30.7473636  44.6549416  30.8374309
  30.8328152  44.2844248  29.8178458  31.9197655  44.0248728  31.6606975
  31.7851090  42.9564094  31.8168831  32.8309417  44.1525650  31.0796785
  31.9998527  44.5539475  32.6082206  29.4609904  44.0327549  31.4105296
  29.2454886  44.3536854  32.4277353  28.6319113  44.2941904  30.7559967
  29.5671582  42.9530048  31.4942837  32.0621538  46.6064930  29.9405503
  32.3396039  46.5319014  28.7629986  32.8994203  47.2165966  30.8075070
  32.4543548  47.4233818  31.6915703  34.1197085  47.9631615  30.5479932
  34.4254732  47.9315424  29.5046854  33.9787626  49.4588661  30.9179163
  33.5750556  49.5762634  31.9215989  33.2948136  49.9381018  30.2202869
  35.2599382  50.2760935  30.7034946  35.8198118  50.1882219  29.6101618
  35.6354618  50.9355116  31.7091060  35.2078342  47.3128414  31.3647413
  35.7036447  47.9215002  32.3179269  35.6169558  46.0594606  30.9519529
  35.2394032  45.6098843  30.1286984  36.4376354  45.3583097  31.8864155
  37.1919656  46.0588551  32.2374105  35.8230305  45.2028513  32.7702022
  37.0538115  44.0972996  31.2898731  36.8410516  43.7015629  30.1345897
  37.9166508  43.4554958  32.1522641  37.8001690  43.6124849  33.1443334
  38.8819480  42.4856234  31.7939425  38.8529396  42.3324156  30.7175255
  40.2331305  43.0330181  32.1296310  40.9881449  42.2577190  32.0155811
  40.7161999  44.1884089  31.2961721  40.1214075  45.0800943  31.4839363
  40.8338356  44.0085125  30.2294302  41.6992044  44.4665861  31.6709614
  40.3338480  43.4837103  33.5978889  39.5886207  44.2245722  33.8805652
  40.2410507  42.5927401  34.2157102  41.3093090  43.9311266  33.7779784
  38.5690236  41.1242533  32.4233627  37.8061867  40.9804249  33.3902121
  39.1106439  39.9915433  31.8689346  39.7474575  40.0781441  31.0883045
  38.4593582  38.6808276  31.9702339  37.7307797  38.6966729  32.7776408
  37.7920151  38.2571268  30.6360292  38.5404897  38.0874300  29.8645878
  37.4056959  37.2531700  30.8002734  36.6931772  39.1210413  30.1212430
  36.7258763  40.4424143  29.7671056  37.6010919  41.0708618  29.7708774
  35.4673648  40.9362221  29.5214939  35.2631068  41.8976975  29.2263722
  34.5207334  39.9141359  29.6394634  33.1269073  39.9262977  29.3730593
  32.5811315  40.8165455  29.0841723  32.4556851  38.7205696  29.5853424
  31.3837624  38.6550140  29.4419742  33.1453085  37.5894952  29.9476480
  32.5640488  36.6842747  30.0764203  34.5100045  37.5378728  30.0301290
  35.0516677  36.6085005  30.1594925  35.2680707  38.7782216  30.0546789
  39.5646644  37.6168609  32.3155975  40.6739140  37.6348639  31.7865944
  39.2705822  36.6619801  33.2621932  38.3068562  36.5462995  33.5454989
  40.1742363  35.5724573  33.5310698  40.8519936  35.5447268  32.6808572
  41.0029697  35.7657886  34.8497486  41.4029121  34.7978926  35.1433611
  42.0027780  36.9105530  34.9343538  42.8580141  36.6516805  34.3133116
  41.5711069  37.8505874  34.5965123  42.3329878  37.0069313  35.9667373
  40.1421022  36.0757780  35.9521103  39.7583652  36.9499755  35.7840228
  39.3096971  34.3200278  33.5684300  38.0856991  34.3541956  33.5650754
  39.9502230  33.1337976  33.6538005  40.9292602  33.1456041  33.9063072
  39.1883850  31.9161749  33.6286259  38.2676506  32.1697187  34.1491532
  38.9437294  31.3583374  32.2312236  39.9068093  31.2031031  31.7490220
  38.4333944  32.0660830  31.5810013  38.1599951  30.0826573  32.1450520
  36.8885040  30.0807476  32.6718307  36.4614224  31.0055542  33.0408835
  36.1046147  28.8885331  32.6433706  35.0872350  28.8963389  33.0158567
  36.7432404  27.7145696  32.1724606  36.0745859  26.5352893  32.1703506
  36.6586161  25.8104706  31.8996525  38.0167103  27.7196002  31.6371846
  38.4308815  26.8616343  31.1212134  38.7193036  28.9307523  31.6411734
  39.7348547  28.8654280  31.2693453  39.8631453  30.9407544  34.5312977
  41.0653591  30.9021807  34.5972943  39.0550685  30.0635648  35.2284026
  38.0521870  30.1695943  35.3018784  39.5329976  28.8868141  35.9161353
  40.5873537  28.7284613  35.7010961  39.3770909  29.0299487  37.4192715
  38.3883476  29.4306350  37.6337004  40.0939274  29.7458959  37.8163838
  39.4756818  27.6642299  38.0974722  40.3099489  26.7951584  37.6792193
  38.5124898  27.3236203  38.8080788  38.7465453  27.7471995  35.3488254
  37.5190210  27.7143526  35.4164290  39.4334388  26.7109990  34.8817992
  40.4152203  26.6971827  35.1233077  38.7136555  25.5712056  34.3283415
  37.7444863  25.9459329  34.0069866  39.4683313  25.0532484  33.1708241
  39.9370074  25.8225179  32.5603247  40.2634859  24.4487381  33.6026072
  38.6758494  24.0672851  32.2429133  37.6498318  24.4102955  31.5509319
  38.9749575  22.8577828  32.3100877  38.3851910  24.4835067  35.4107428
  37.7619958  23.4826112  35.0246239  38.6752295  24.7182012  36.7263222
  39.2441559  25.5109930  36.9913077  38.4343624  23.6680007  37.6771665
  38.4130788  22.7329779  37.1219516  39.5593548  23.6002636  38.6695099
  40.4876804  23.5855150  38.1019402  39.5276952  24.4983101  39.2832279
  39.4289565  22.7370310  39.3191004  37.1056652  23.8076711  38.3837462
  36.3362050  22.8568840  38.4952617  36.7904687  25.0388384  38.8453698
  37.4766231  25.7643366  38.6864471  35.5010414  25.4162073  39.2968774
  35.0238919  24.5435023  39.7369862  35.5878139  26.5056539  40.3567123
  34.5455837  26.6440225  40.6352663  36.4582705  26.1199451  41.5391064
  36.2743259  26.7987013  42.3695278  36.2664556  25.0967288  41.8559313
  37.5257206  26.0787273  41.3317728  36.1051822  27.6771951  39.8871779
  37.0384240  27.5088739  39.6860361  34.5913076  25.8551216  38.1207180
  33.3655167  25.8408833  38.2350039  35.2129245  26.1285925  36.9327760
  36.2181091  26.2095642  37.0066643  34.5858431  26.4642143  35.6380725
  35.3567648  26.5273237  34.8734283  33.3829904  25.4870295  35.2752042
  32.9115701  25.8455229  34.3623042  32.5823450  25.5735540  36.0070682
  33.8331008  24.0255475  35.1145196  32.9176092  23.4396267  35.1666260
  34.4671631  23.7273526  35.9470987  34.5543671  23.6895633  33.8091087
  35.3101134  24.4514608  33.6288381  33.7618685  23.6558700  33.0641580
  35.3282785  22.3366213  33.8599205  34.5601916  21.5719628  33.7732243
  35.7515526  22.3110080  34.8610997  36.4047813  22.1622753  32.8253698
  36.3809514  22.8833866  32.0821929  37.3517919  22.3364305  33.2071042
  36.4590669  21.1884928  32.4765444  34.1253614  27.9166675  35.7525063
  33.0286837  28.2803178  35.3915834  35.0450373  28.7451243  36.2565970
  35.9959984  28.4082007  36.3241601  34.6852016  30.1002693  36.7259049
  33.6163759  30.2970457  36.6825843  35.0867414  30.3668976  38.1654644
  36.1428952  30.1573205  38.3190942  34.7153354  31.8015266  38.5510182
  35.0246787  31.9961834  39.5759845  35.2114868  32.5093055  37.8899407
  33.6386204  31.9496846  38.4973311  34.2298531  29.4639587  38.9518642
  34.8222256  28.7258291  39.1615963  35.4007125  31.0639310  35.7893133
  36.5688276  31.2777448  35.9222007  34.6817470  31.6009331  34.7683168
  33.6994481  31.3653874  34.8132348  35.0293088  32.8603172  34.1281247
  36.0702086  32.9178929  33.8179708  34.1099548  33.1215382  32.8962016
  33.0494714  33.1891370  33.1305933  34.3431067  34.1072345  32.4984813
  34.2717910  32.1072555  31.7658830  33.3916354  31.0342526  31.5598917
  32.5957322  30.8244681  32.2644472  33.5406709  30.1787305  30.4727054
  32.8088808  29.4020653  30.2852321  34.6406102  30.3616357  29.6151876
  34.8099589  29.7209525  28.7580323  35.5608368  31.3528705  29.9309993
  36.4491129  31.3672614  29.3108153  35.3950787  32.2049785  30.9858966
  36.1813259  32.9230285  31.1861229  34.8006105  33.9778209  35.1546359
  33.8478136  33.8554954  35.9852266  35.6188417  34.9956179  35.0448608
  36.4589763  34.9806404  34.4824004  35.3104997  36.1648369  35.8449197
  34.3263292  36.0873604  36.3014197  36.3239360  36.3795495  36.9246721
  37.3246884  36.4114642  36.4998722  36.1789155  37.5390458  37.8638530
  37.0689488  37.6286125  38.4835029  36.0924578  38.4653807  37.2994351
  35.3661013  37.3396897  38.5593581  36.2466574  35.2828527  37.7670646
  36.6903543  34.5505738  37.3125029  35.3719044  37.3746753  34.9102545
  36.3508868  37.4865937  34.1726899  34.4521236  38.3890104  35.0703001
  33.7481046  38.3709192  35.7958627  34.7531128  39.7162223  34.5797467
  35.7519102  39.7651911  34.1519737  33.7412214  40.0664568  33.5012698
  33.6614227  39.3168736  32.7164769  32.3812294  40.3522778  34.1342640
  32.0929122  39.5371890  34.7950530  31.6409063  40.5546093  33.3628225
  32.4997068  41.2463999  34.7430778  34.0810656  41.2788677  32.6088786
  33.3530474  41.3098335  31.8006849  34.0311861  42.2052813  33.1775713
  35.0724769  41.1625242  32.1756315  34.8209477  40.7175827  35.6843328
  34.1601682  40.6715441  36.6976619  35.8440924  41.6224384  35.5286884
  36.4394760  41.6241789  34.7114182  35.9495735  42.8233480  36.3357258
  35.0430346  43.0569696  36.8894315  37.1561432  42.7662134  37.3148227
  37.1054912  41.8871784  37.9533458  38.5588980  42.8458118  36.6980147
  38.6718130  43.7595844  36.1180043  38.7448001  41.9279099  36.1438990
  39.3341327  42.8772736  37.4610162  37.1426821  43.8343239  38.2960057
  37.4721909  44.6313095  37.8533244  36.1122179  44.0341663  35.4676604
  36.6252637  43.9431667  34.4090581  35.7990313  45.1823616  36.0839129
  35.6160331  45.1364469  37.0772982  35.8302164  46.5212345  35.4936814
  36.5121078  46.5287924  34.6463633  34.4615793  46.9653606  35.1726437
  34.6146965  47.8108263  34.5048976  33.9797449  47.3417282  36.0728240
  33.5578752  46.0216951  34.3549776  33.5009694  45.0686550  34.8771071
  33.9237642  45.8841753  33.3394217  32.1937776  46.6517067  34.1962028
  31.3107681  46.1941624  34.9815416  32.0434642  47.5789118  33.4100795
  36.4331889  47.4856043  36.5027380  37.5135922  48.0567122  36.2600851
  35.7477093  47.6584673  37.5411510  -2.7261391  26.1075687  59.9922657
  25.2681327  46.3891888  23.7601471
  62.0000000  62.0000000  62.0000000  90.0000000  90.0000000  90.0000000
