       36
  0.2069603100000000E+01  0.1254633800000000E+01  0.6438472900000000E+01
  0.2072292300000000E+01  0.2260315000000000E+01  0.6022855000000000E+01
  0.1394943200000000E+01  0.2892615500000000E+01  0.6593411000000000E+01
  0.1767476600000000E+01  0.2229431300000000E+01  0.4978693700000000E+01
  0.3462689200000000E+01  0.2809824300000000E+01  0.6110716500000000E+01
  0.4400326900000000E+01  0.2104113600000000E+01  0.6456088400000000E+01
  0.3603581500000000E+01  0.4115477800000000E+01  0.5776059000000000E+01
  0.2798242000000000E+01  0.4648660400000000E+01  0.5476797800000000E+01
  0.4909193500000000E+01  0.4761942000000000E+01  0.5749557000000000E+01
  0.5503858300000000E+01  0.4360718700000000E+01  0.6567100300000000E+01
  0.5606504700000000E+01  0.4455109800000000E+01  0.4421555100000000E+01
  0.5769870900000000E+01  0.3380483400000000E+01  0.4370280200000000E+01
  0.4949370600000000E+01  0.4713027500000000E+01  0.3593428400000000E+01
  0.6939665100000000E+01  0.5180355900000000E+01  0.4239845600000000E+01
  0.6754223100000000E+01  0.6183696400000000E+01  0.3861614200000000E+01
  0.7442961900000000E+01  0.5266588300000000E+01  0.5200780600000000E+01
  0.7851422400000000E+01  0.4416920800000000E+01  0.3287440200000000E+01
  0.8082292700000000E+01  0.3440769000000000E+01  0.3707928100000000E+01
  0.7346424500000000E+01  0.4276391900000000E+01  0.2334438400000000E+01
  0.9099676000000001E+01  0.5169683700000000E+01  0.3060129300000000E+01
  0.9047695400000000E+01  0.6165478200000000E+01  0.3280057000000000E+01
  0.1025103450000000E+02  0.4681850400000000E+01  0.2561615400000000E+01
  0.1035764930000000E+02  0.3432167800000000E+01  0.2119861100000000E+01
  0.9524886600000000E+01  0.2842900200000000E+01  0.2075734000000000E+01
  0.1126004580000000E+02  0.3041229800000000E+01  0.1845043600000000E+01
  0.1133356810000000E+02  0.5450145600000000E+01  0.2495272200000000E+01
  0.1133683800000000E+02  0.6385427700000000E+01  0.2905044000000000E+01
  0.1217282530000000E+02  0.5123033500000000E+01  0.2014313300000000E+01
  0.4719705300000000E+01  0.6250493500000000E+01  0.5976728200000000E+01
  0.4196407200000000E+01  0.6948385200000000E+01  0.5119018000000000E+01
  0.5173305900000000E+01  0.6731820700000000E+01  0.7160449000000000E+01
  0.5542445800000000E+01  0.6097435400000000E+01  0.7855936900000000E+01
  0.5012590900000000E+01  0.8127236399999999E+01  0.7516853800000000E+01
  0.3953890800000000E+01  0.8366973399999999E+01  0.7585144000000000E+01
  0.5487843200000000E+01  0.8328004500000000E+01  0.8474356500000001E+01
  0.5462164300000000E+01  0.8758650400000001E+01  0.6753844600000000E+01
  0 START of Energies
 -0.1482474926513324E+03
  1 Total Force
 -0.5180159450678715E-01  0.1943148891188942E+00 -0.1278361626890618E+00
 -0.5893538799383068E+00  0.7157106229058864E+00 -0.3879040365070570E+00
  0.6575762927427681E+00 -0.5455283286032016E+00 -0.4700062919597522E+00
  0.2603520079567502E+00 -0.3631652169085772E-01  0.1073718685453930E+01
 -0.3392211345099642E+00  0.7552501408265322E-01  0.7779662495078465E-01
  0.6493739157644329E+00 -0.4664219210775138E+00  0.3368648861913275E+00
  0.1925994460057423E+00 -0.7758251462435913E+00 -0.4863524543860749E+00
 -0.6580642833261843E+00  0.7129568211793582E+00  0.7560657582894759E-02
  0.5351748542472670E+00 -0.3259740505164747E+00 -0.4476365162426355E+00
  0.5459047074114421E+00 -0.3357415109678165E+00  0.7803016776368101E+00
  0.1389017205380925E+00  0.3596586721318062E+00  0.5426205184095977E+00
  0.5337058717921858E+00 -0.1178020927663328E+01  0.2586096825945281E+00
 -0.3925486555430749E+00  0.7272796345573739E+00 -0.1357259659148935E+01
 -0.8899240896589055E+00 -0.1392485007985754E+01 -0.3396641901505438E+00
  0.4063659690940455E-02  0.9450756378013427E+00 -0.3206574830762433E+00
  0.3257943325222817E+00  0.1177660033162750E+00  0.8506859877424340E+00
  0.1438173855536866E+01  0.2845200801435061E+01  0.1821972028689508E+00
  0.2080992046501294E+00 -0.1591192008244631E+01  0.4834654177142344E+00
 -0.5775246812443531E+00 -0.6627743559122532E+00 -0.1580302054329790E+01
 -0.2227846758908369E+01  0.1890830847275138E+01  0.1122282661545066E+01
  0.2643811201648150E+00 -0.2571831776813047E+01 -0.5435296182789697E+00
  0.1413441095166972E+01  0.1635779354013767E+00  0.3693396945554402E+00
  0.9310303777179771E+00 -0.4443207727311647E+01 -0.2032954659040745E+01
  0.3462898590137141E+01  0.2568330322566699E+01  0.3221138896709772E+00
 -0.4906031427996578E+01  0.2092471019476391E+01  0.1548009383657281E+01
  0.3915432776824211E+01  0.1936648439113491E+01 -0.1051233704442893E+01
 -0.1969548699722140E+00 -0.3907459659269751E+01 -0.1610534387415372E+01
 -0.4044103727883451E+01  0.1610199674842347E+01  0.2454077232718733E+01
  0.4843796808108838E+00  0.8258440762307173E+00  0.1618587481160677E+01
 -0.3437829475772919E-01  0.1063171285884870E+01 -0.1069685982035830E+01
 -0.8285708338168033E+00 -0.8731210460812812E+00  0.1702629956845016E+01
 -0.2944514245876598E+00  0.1462118876073341E+01 -0.1444820532657570E+01
  0.6716862907953424E+00 -0.1933516096315626E+01 -0.4970613513454825E+00
 -0.1690635163387370E+01  0.2544524732933666E+00  0.2477806496738322E+00
  0.3678154792808588E+00 -0.1864928827455248E+00  0.9142412553071384E+00
  0.7206255402806555E+00  0.6647759207559341E+00 -0.1125444462572701E+01
       36
  0.2070000000000000E+01  0.1255000000000000E+01  0.6438000000000000E+01
  0.2072000000000000E+01  0.2260000000000000E+01  0.6023000000000000E+01
  0.1395000000000000E+01  0.2893000000000000E+01  0.6593000000000000E+01
  0.1767000000000000E+01  0.2229000000000000E+01  0.4979000000000000E+01
  0.3463000000000000E+01  0.2810000000000000E+01  0.6111000000000000E+01
  0.4400000000000000E+01  0.2104000000000000E+01  0.6456000000000000E+01
  0.3604000000000000E+01  0.4115000000000000E+01  0.5776000000000000E+01
  0.2798000000000000E+01  0.4649000000000000E+01  0.5477000000000000E+01
  0.4909000000000000E+01  0.4762000000000000E+01  0.5750000000000000E+01
  0.5504000000000000E+01  0.4361000000000000E+01  0.6567000000000000E+01
  0.5607000000000000E+01  0.4455000000000000E+01  0.4422000000000000E+01
  0.5770000000000000E+01  0.3380000000000000E+01  0.4370000000000000E+01
  0.4949000000000000E+01  0.4713000000000000E+01  0.3593000000000000E+01
  0.6940000000000000E+01  0.5180000000000000E+01  0.4240000000000000E+01
  0.6754000000000000E+01  0.6184000000000000E+01  0.3862000000000000E+01
  0.7443000000000000E+01  0.5267000000000000E+01  0.5201000000000000E+01
  0.7851000000000000E+01  0.4417000000000000E+01  0.3287000000000000E+01
  0.8082000000000001E+01  0.3441000000000000E+01  0.3708000000000000E+01
  0.7346000000000000E+01  0.4276000000000000E+01  0.2334000000000000E+01
  0.9100000000000000E+01  0.5170000000000000E+01  0.3060000000000000E+01
  0.9048000000000000E+01  0.6165000000000000E+01  0.3280000000000000E+01
  0.1025100000000000E+02  0.4682000000000000E+01  0.2562000000000000E+01
  0.1035800000000000E+02  0.3432000000000000E+01  0.2120000000000000E+01
  0.9525000000000000E+01  0.2843000000000000E+01  0.2076000000000000E+01
  0.1126000000000000E+02  0.3041000000000000E+01  0.1845000000000000E+01
  0.1133400000000000E+02  0.5450000000000000E+01  0.2495000000000000E+01
  0.1133700000000000E+02  0.6385000000000000E+01  0.2905000000000000E+01
  0.1217300000000000E+02  0.5123000000000000E+01  0.2014000000000000E+01
  0.4720000000000000E+01  0.6250000000000000E+01  0.5977000000000000E+01
  0.4196000000000000E+01  0.6948000000000000E+01  0.5119000000000000E+01
  0.5173000000000000E+01  0.6732000000000000E+01  0.7160000000000000E+01
  0.5542000000000000E+01  0.6097000000000000E+01  0.7856000000000000E+01
  0.5013000000000000E+01  0.8127000000000001E+01  0.7517000000000000E+01
  0.3954000000000000E+01  0.8367000000000001E+01  0.7585000000000000E+01
  0.5488000000000000E+01  0.8327999999999999E+01  0.8474000000000000E+01
  0.5462000000000000E+01  0.8759000000000000E+01  0.6754000000000000E+01
  0 START of Energies
 -0.1482487766461031E+03
  1 Total Force
 -0.1589346879784281E+00 -0.3481723397263510E+00  0.1804070772178599E+00
 -0.7898733669528800E-01  0.1560773291751993E+01 -0.6347697777857688E+00
  0.5615518493725350E+00 -0.6212371385211340E+00 -0.3633321131318742E+00
  0.2905178054177433E+00 -0.3006396780775128E-01  0.9916831216408519E+00
 -0.1175191374871210E+01 -0.4320236531768922E+00 -0.1140017835000242E+00
  0.1107642784565744E+01 -0.6242122841636133E+00  0.4995143731771851E+00
 -0.6382502521902875E+00  0.1716427100998927E+00 -0.7133382324724733E+00
 -0.4971351792010457E-01  0.2333021734911641E+00  0.2338293736586637E+00
  0.1133094563783370E+01 -0.6960450933582678E+00 -0.8244991425889514E+00
  0.5767819853649420E+00 -0.4296038941689783E+00  0.1000672055354663E+01
 -0.6854709734231403E+00  0.2892554498503243E+00 -0.8815897434213174E-01
  0.5297180309605756E+00 -0.9350612748725726E+00  0.3627931048460320E+00
  0.1599968726774901E+00  0.5750995781261582E+00 -0.7156710427474945E+00
 -0.1188978496255323E+01 -0.6564400319861858E+00 -0.4241479221494933E+00
  0.9966073062275492E-01  0.5158063605329697E+00 -0.2271751673969661E+00
  0.4220103346546544E+00  0.7056868554306706E-02  0.8231712246972245E+00
  0.2089759891976136E+01  0.2873529859847037E+01  0.2376652427272816E+00
  0.2034952283029026E+00 -0.1560832637878330E+01  0.3950459648122084E+00
 -0.5823949282635257E+00 -0.5980046500608883E+00 -0.1538424704117143E+01
 -0.3012657064046547E+01  0.1084266693483943E+01  0.1198200914245787E+01
  0.2693417895930222E+00 -0.1903986189512504E+01 -0.4204038568818787E+00
  0.2290206766421246E+01 -0.2849591178961165E+00 -0.1582866040428458E+00
  0.3884561840091285E+00 -0.4014810879514319E+01 -0.1760187064413264E+01
  0.3528276346678448E+01  0.2530150976311542E+01  0.2962383094852085E+00
 -0.4661635183648913E+01  0.2038547716157848E+01  0.1494709543416531E+01
  0.3363395861518182E+01  0.1887896080042242E+01 -0.8190774538382510E+00
 -0.9209454174345467E-01 -0.3752428267197465E+01 -0.1595063934637503E+01
 -0.3888371215008360E+01  0.1517134027113092E+01  0.2353945928352596E+01
 -0.3056422109766701E+00  0.1668537410792122E+01  0.7089445807875778E+00
  0.2763022310269864E+00  0.6630809792465927E+00 -0.6585478409646695E+00
 -0.1715242503136405E+00 -0.1653275767364882E+01  0.2697148626986241E+01
 -0.5086370908199566E+00  0.1885834981368403E+01 -0.1859628179309915E+01
  0.7213147436688253E-01 -0.1502177926335162E+01 -0.1009480186270961E+01
 -0.1460860582737612E+01  0.1892880100270092E+00  0.2977386681719620E+00
  0.5393511893254581E+00 -0.2074636952762567E+00  0.1244925374061193E+01
  0.7576517862542572E+00  0.5595956420210223E+00 -0.1092439503047461E+01
