restart created by ParmEd
   36  0.0000000e+00
   2.0696031   1.2546338   6.4384729   2.0722923   2.2603150   6.0228550
   1.3949432   2.8926155   6.5934110   1.7674766   2.2294313   4.9786937
   3.4626892   2.8098243   6.1107165   4.4003269   2.1041136   6.4560884
   3.6035815   4.1154778   5.7760590   2.7982420   4.6486604   5.4767978
   4.9091935   4.7619420   5.7495570   5.5038583   4.3607187   6.5671003
   5.6065047   4.4551098   4.4215551   5.7698709   3.3804834   4.3702802
   4.9493706   4.7130275   3.5934284   6.9396651   5.1803559   4.2398456
   6.7542231   6.1836964   3.8616142   7.4429619   5.2665883   5.2007806
   7.8514224   4.4169208   3.2874402   8.0822927   3.4407690   3.7079281
   7.3464245   4.2763919   2.3344384   9.0996760   5.1696837   3.0601293
   9.0476954   6.1654782   3.2800570  10.2510345   4.6818504   2.5616154
  10.3576493   3.4321678   2.1198611   9.5248866   2.8429002   2.0757340
  11.2600458   3.0412298   1.8450436  11.3335681   5.4501456   2.4952722
  11.3368380   6.3854277   2.9050440  12.1728253   5.1230335   2.0143133
   4.7197053   6.2504935   5.9767282   4.1964072   6.9483852   5.1190180
   5.1733059   6.7318207   7.1604490   5.5424458   6.0974354   7.8559369
   5.0125909   8.1272364   7.5168538   3.9538908   8.3669734   7.5851440
   5.4878432   8.3280045   8.4743565   5.4621643   8.7586504   6.7538446
  10.4250000   7.6480000   6.0380000  90.0000000  90.0000000  90.0000000
