trajectory created by ParmEd
   2.070   1.255   6.438   2.072   2.260   6.023   1.395   2.893   6.593   1.767
   2.229   4.979   3.463   2.810   6.111   4.400   2.104   6.456   3.604   4.115
   5.776   2.798   4.649   5.477   4.909   4.762   5.750   5.504   4.361   6.567
   5.607   4.455   4.422   5.770   3.380   4.370   4.949   4.713   3.593   6.940
   5.180   4.240   6.754   6.184   3.862   7.443   5.267   5.201   7.851   4.417
   3.287   8.082   3.441   3.708   7.346   4.276   2.334   9.100   5.170   3.060
   9.048   6.165   3.280  10.251   4.682   2.562  10.358   3.432   2.120   9.525
   2.843   2.076  11.260   3.041   1.845  11.334   5.450   2.495  11.337   6.385
   2.905  12.173   5.123   2.014   4.720   6.250   5.977   4.196   6.948   5.119
   5.173   6.732   7.160   5.542   6.097   7.856   5.013   8.127   7.517   3.954
   8.367   7.585   5.488   8.328   8.474   5.462   8.759   6.754
