%VERSION  VERSION_STAMP = V0001.000  DATE = 08/08/15  14:56:06
%FLAG TITLE
%FORMAT(20a4)

%FLAG POINTERS
%FORMAT(10I8)
      36      10      20      15      42      18      96      60       0       0
     174       3      15      18      60      13      29      59       1       0
       0       0       0       0       0       0       0       0      24       0
       0
%FLAG ATOM_NAME
%FORMAT(20a4)
HH31CH3 HH32HH33C   O   N   H   CA  HA  CB  HB2 HB3 CG  HG2 HG3 CD  HD2 HD3 NE  
HE  CZ  NH1 HH11HH12NH2 HH21HH22C   O   N   H   CH3 HH31HH32HH33
%FLAG CHARGE
%FORMAT(5E16.8)
  2.04636429E+00 -6.67300626E+00  2.04636429E+00  2.04636429E+00  1.08823576E+01
 -1.03484442E+01 -6.33953817E+00  5.00566581E+00 -4.80522051E+00  2.84267880E+00
 -1.27556100E-02  5.95869210E-01  5.95869210E-01  7.10669700E-01  5.19335550E-01
  5.19335550E-01  8.85603780E-01  1.25187201E+00  1.25187201E+00 -9.64870785E+00
  6.29762688E+00  1.47163295E+01 -1.57203782E+01  8.15994594E+00  8.15994594E+00
 -1.57203782E+01  8.15994594E+00  8.15994594E+00  1.33769904E+01 -1.07402236E+01
 -7.57501011E+00  4.95464337E+00 -2.71512270E+00  1.77849648E+00  1.77849648E+00
  1.77849648E+00
%FLAG ATOMIC_NUMBER
%FORMAT(10I8)
       1       6       1       1       6       8       7       1       6       1
       6       1       1       6       1       1       6       1       1       7
       1       6       7       1       1       7       1       1       6       8
       7       1       6       1       1       1
%FLAG MASS
%FORMAT(5E16.8)
  1.00800000E+00  1.20100000E+01  1.00800000E+00  1.00800000E+00  1.20100000E+01
  1.60000000E+01  1.40100000E+01  1.00800000E+00  1.20100000E+01  1.00800000E+00
  1.20107800E+01  1.00800000E+00  1.00800000E+00  1.20100000E+01  1.00800000E+00
  1.00800000E+00  1.20100000E+01  1.00800000E+00  1.00800000E+00  1.40100000E+01
  1.00800000E+00  1.20100000E+01  1.40100000E+01  1.00800000E+00  1.00800000E+00
  1.40100000E+01  1.00800000E+00  1.00800000E+00  1.20100000E+01  1.60000000E+01
  1.40100000E+01  1.00800000E+00  1.20100000E+01  1.00800000E+00  1.00800000E+00
  1.00800000E+00
%FLAG ATOM_TYPE_INDEX
%FORMAT(10I8)
       1       2       1       1       3       4       5       6       2       7
       8       1       1       2       1       1       2       7       7       9
       6      10       9       6       6       9       6       6       3       4
       5       6       2       7       7       7
%FLAG NUMBER_EXCLUDED_ATOMS
%FORMAT(10I8)
       6       7       4       3       7       3      10       4      13       7
      12       6       5       9       5       4       7       4       3       8
       3       6       5       2       1       2       1       1       7       3
       5       4       3       2       1       1
%FLAG NONBONDED_PARM_INDEX
%FORMAT(10I8)
       1       2       4       7      11      16      22      29      37      46
       2       3       5       8      12      17      23      30      38      47
       4       5       6       9      13      18      24      31      39      48
       7       8       9      10      14      19      25      32      40      49
      11      12      13      14      15      20      26      33      41      50
      16      17      18      19      20      21      27      34      42      51
      22      23      24      25      26      27      28      35      43      52
      29      30      31      32      33      34      35      36      44      53
      37      38      39      40      41      42      43      44      45      54
      46      47      48      49      50      51      52      53      54      55
%FLAG RESIDUE_LABEL
%FORMAT(20a4)
ACE ARG NME 
%FLAG RESIDUE_POINTER
%FORMAT(10I8)
       1       7      31
%FLAG BOND_FORCE_CONSTANT
%FORMAT(5E16.8)
  5.67825780E+02  4.08975440E+02  3.55536030E+02  2.75093600E+02  4.46065300E+02
  4.79421160E+02  3.54511410E+02  3.36746760E+02  2.90710510E+02  3.55536030E+02
  2.90710510E+02  4.58930320E+02  3.50226820E+02
%FLAG BOND_EQUIL_VALUE
%FORMAT(5E16.8)
  1.22755000E+00  1.35201000E+00  1.08818000E+00  1.50912000E+00  1.02112000E+00
  1.36469000E+00  1.08765000E+00  1.45975000E+00  1.51445000E+00  1.08818000E+00
  1.51445000E+00  1.01114000E+00  1.43236000E+00
%FLAG ANGLE_FORCE_CONSTANT
%FORMAT(5E16.8)
  8.05682900E+01  4.32895600E+01  4.90015900E+01  4.79059700E+01  3.53876600E+01
  7.91213200E+01  7.01523100E+01  3.47355200E+01  6.99457300E+01  5.02290100E+01
  4.98469300E+01  3.66509400E+01  5.03304000E+01  4.98029200E+01  4.67662600E+01
  4.85197200E+01  7.99925500E+01  4.67662600E+01  3.53876600E+01  6.03722500E+01
  4.67662600E+01  4.20597900E+01  4.85197200E+01  4.84896300E+01  4.20597900E+01
  4.30607700E+01  5.04601900E+01  7.98729100E+01  6.25148300E+01
%FLAG ANGLE_EQUIL_VALUE
%FORMAT(5E16.8)
  2.14467145E+00  2.11487692E+00  2.03776580E+00  1.88540094E+00  1.88774195E+00
  2.11511516E+00  2.01211783E+00  2.09671135E+00  2.09472290E+00  2.11589218E+00
  1.91606656E+00  1.92098961E+00  2.03386272E+00  2.15679277E+00  1.90742543E+00
  1.94094798E+00  1.91876327E+00  1.90742543E+00  1.88774195E+00  1.93973725E+00
  1.90742543E+00  1.91394319E+00  1.94094798E+00  1.92928045E+00  1.91394319E+00
  2.04370272E+00  1.91032966E+00  1.92861321E+00  1.86717934E+00
%FLAG DIHEDRAL_FORCE_CONSTANT
%FORMAT(5E16.8)
  1.54371000E+00  1.54597000E+00  1.86422000E+00  0.00000000E+00  0.00000000E+00
 -4.45040000E-01  6.56620000E-01  2.41500000E-02 -9.77700000E-02  7.68300000E-02
 -6.72200000E-02  1.34520000E-01  2.87980000E-01 -1.25070000E-01 -7.61800000E-02
 -9.07500000E-02  6.99100000E-02  8.89620000E-01 -2.66500000E-02  1.70322000E+00
  0.00000000E+00  1.79350000E-01 -1.75300000E-02 -4.80600000E-02  8.24500000E-02
  7.63930000E-01  7.14200000E-01 -4.08620000E-01  1.62780000E-01  1.47960000E-01
  1.93890000E-01 -7.00750000E-01  1.06420000E-01 -1.15350000E-01 -2.97400000E-02
 -1.18400000E-02  3.46820000E-01 -1.12200000E-02  1.87760000E-01  6.53800000E-02
 -4.01980000E-01 -5.25200000E-02 -5.26500000E-01  1.64350000E-01  6.21130000E-01
 -1.18210000E-01 -2.67800000E-01 -8.86080000E-01 -1.02191000E+00 -4.72030000E-01
  3.80930000E-01  1.71905000E+00  2.22570000E-01 -4.51000000E-03 -9.89200000E-02
 -1.37000000E-03  1.05000000E+01  1.00000000E+00  1.10000000E+00
%FLAG DIHEDRAL_PERIODICITY
%FORMAT(5E16.8)
  1.00000000E+00  2.00000000E+00  2.00000000E+00  1.00000000E+00  2.00000000E+00
  1.00000000E+00  2.00000000E+00  3.00000000E+00  4.00000000E+00  5.00000000E+00
  6.00000000E+00  1.00000000E+00  2.00000000E+00  3.00000000E+00  4.00000000E+00
  5.00000000E+00  6.00000000E+00  1.00000000E+00  3.00000000E+00  2.00000000E+00
  3.00000000E+00  3.00000000E+00  1.00000000E+00  2.00000000E+00  3.00000000E+00
  4.00000000E+00  5.00000000E+00  6.00000000E+00  3.00000000E+00  3.00000000E+00
  1.00000000E+00  2.00000000E+00  3.00000000E+00  4.00000000E+00  5.00000000E+00
  6.00000000E+00  1.00000000E+00  3.00000000E+00  1.00000000E+00  2.00000000E+00
  3.00000000E+00  4.00000000E+00  5.00000000E+00  6.00000000E+00  1.00000000E+00
  2.00000000E+00  3.00000000E+00  4.00000000E+00  5.00000000E+00  6.00000000E+00
  1.00000000E+00  2.00000000E+00  3.00000000E+00  4.00000000E+00  5.00000000E+00
  6.00000000E+00  2.00000000E+00  2.00000000E+00  2.00000000E+00
%FLAG DIHEDRAL_PHASE
%FORMAT(5E16.8)
 -2.11793876E-01  3.31586974E+00  3.16798513E+00  0.00000000E+00  0.00000000E+00
 -2.26632322E-01 -1.22258290E+00 -2.28954135E-01  0.00000000E+00  0.00000000E+00
  0.00000000E+00 -1.02365350E-02  6.21143050E-01  2.06248090E-01  0.00000000E+00
  0.00000000E+00  0.00000000E+00 -6.22922240E-02  2.80243659E+00  3.27378599E+00
  0.00000000E+00  6.62665149E-02  3.47126938E-02  6.40925319E-02  2.22528179E-01
 -8.25704802E-01  1.00250132E+00  4.69672492E-01 -3.23222899E-01  9.18408354E-02
  2.15555585E-01 -1.83565781E-01  1.41534046E-02  0.00000000E+00  0.00000000E+00
  0.00000000E+00  6.67983519E-01  3.15622981E+00  2.35278163E-01 -3.06340322E-02
 -1.96004050E-02  7.15702237E-02 -5.68906371E-01  3.17026628E-01  2.66502990E-01
  2.12832522E-02  3.40918276E-01  4.75376056E-01 -1.12621433E-01 -4.25881464E-01
  3.50632469E+00  3.12719154E+00  2.40865087E+00  0.00000000E+00  0.00000000E+00
  0.00000000E+00  3.14159400E+00  3.14159400E+00  3.14159400E+00
%FLAG SCEE_SCALE_FACTOR
%FORMAT(5E16.8)
  1.20000000E+00  1.20000000E+00  1.20000000E+00  1.20000000E+00  1.20000000E+00
  1.20000000E+00  1.20000000E+00  1.20000000E+00  1.20000000E+00  1.20000000E+00
  1.20000000E+00  1.20000000E+00  1.20000000E+00  1.20000000E+00  1.20000000E+00
  1.20000000E+00  1.20000000E+00  1.20000000E+00  1.20000000E+00  1.20000000E+00
  1.20000000E+00  1.20000000E+00  1.20000000E+00  1.20000000E+00  1.20000000E+00
  1.20000000E+00  1.20000000E+00  1.20000000E+00  1.20000000E+00  1.20000000E+00
  1.20000000E+00  1.20000000E+00  1.20000000E+00  1.20000000E+00  1.20000000E+00
  1.20000000E+00  1.20000000E+00  1.20000000E+00  1.20000000E+00  1.20000000E+00
  1.20000000E+00  1.20000000E+00  1.20000000E+00  1.20000000E+00  1.20000000E+00
  1.20000000E+00  1.20000000E+00  1.20000000E+00  1.20000000E+00  1.20000000E+00
  1.20000000E+00  1.20000000E+00  1.20000000E+00  1.20000000E+00  1.20000000E+00
  1.20000000E+00  0.00000000E+00  0.00000000E+00  0.00000000E+00
%FLAG SCNB_SCALE_FACTOR
%FORMAT(5E16.8)
  2.00000000E+00  2.00000000E+00  2.00000000E+00  2.00000000E+00  2.00000000E+00
  2.00000000E+00  2.00000000E+00  2.00000000E+00  2.00000000E+00  2.00000000E+00
  2.00000000E+00  2.00000000E+00  2.00000000E+00  2.00000000E+00  2.00000000E+00
  2.00000000E+00  2.00000000E+00  2.00000000E+00  2.00000000E+00  2.00000000E+00
  2.00000000E+00  2.00000000E+00  2.00000000E+00  2.00000000E+00  2.00000000E+00
  2.00000000E+00  2.00000000E+00  2.00000000E+00  2.00000000E+00  2.00000000E+00
  2.00000000E+00  2.00000000E+00  2.00000000E+00  2.00000000E+00  2.00000000E+00
  2.00000000E+00  2.00000000E+00  2.00000000E+00  2.00000000E+00  2.00000000E+00
  2.00000000E+00  2.00000000E+00  2.00000000E+00  2.00000000E+00  2.00000000E+00
  2.00000000E+00  2.00000000E+00  2.00000000E+00  2.00000000E+00  2.00000000E+00
  2.00000000E+00  2.00000000E+00  2.00000000E+00  2.00000000E+00  2.00000000E+00
  2.00000000E+00  0.00000000E+00  0.00000000E+00  0.00000000E+00
%FLAG SOLTY
%FORMAT(5E16.8)
  0.00000000E+00
%FLAG LENNARD_JONES_ACOEF
%FORMAT(5E16.8)
  7.51607703E+03  9.71708117E+04  1.04308023E+06  8.61541883E+04  9.24822269E+05
  8.19971662E+05  5.44261042E+04  6.47841732E+05  5.74393458E+05  3.79876399E+05
  8.96776989E+04  9.95480466E+05  8.82619071E+05  6.06829343E+05  9.44293233E+05
  1.07193645E+02  2.56678134E+03  2.27577560E+03  1.02595236E+03  2.12601181E+03
  1.39982777E-01  4.98586847E+03  6.78771368E+04  6.01816484E+04  3.69471530E+04
  6.20665998E+04  5.94667299E+01  3.25969625E+03  9.71708117E+04  1.04308023E+06
  9.24822269E+05  6.47841732E+05  9.95480466E+05  2.56678134E+03  6.78771368E+04
  1.04308023E+06  8.96776989E+04  9.95480466E+05  8.82619071E+05  6.06829343E+05
  9.44293233E+05  2.12601181E+03  6.20665998E+04  9.95480466E+05  9.44293233E+05
  8.61541883E+04  9.24822269E+05  8.19971662E+05  5.74393458E+05  8.82619071E+05
  2.27577560E+03  6.01816484E+04  9.24822269E+05  8.82619071E+05  8.19971662E+05
%FLAG LENNARD_JONES_BCOEF
%FORMAT(5E16.8)
  2.17257828E+01  1.26919150E+02  6.75612247E+02  1.12529845E+02  5.99015525E+02
  5.31102864E+02  1.11805549E+02  6.26720080E+02  5.55666449E+02  5.64885984E+02
  1.36131731E+02  7.36907417E+02  6.53361429E+02  6.77220874E+02  8.01323529E+02
  2.59456373E+00  2.06278363E+01  1.82891803E+01  1.53505284E+01  2.09604198E+01
  9.37598976E-02  1.76949863E+01  1.06076943E+02  9.40505981E+01  9.21192137E+01
  1.13252062E+02  1.93248820E+00  1.43076527E+01  1.26919150E+02  6.75612247E+02
  5.99015525E+02  6.26720080E+02  7.36907417E+02  2.06278363E+01  1.06076943E+02
  6.75612247E+02  1.36131731E+02  7.36907417E+02  6.53361429E+02  6.77220874E+02
  8.01323529E+02  2.09604198E+01  1.13252062E+02  7.36907417E+02  8.01323529E+02
  1.12529845E+02  5.99015525E+02  5.31102864E+02  5.55666449E+02  6.53361429E+02
  1.82891803E+01  9.40505981E+01  5.99015525E+02  6.53361429E+02  5.31102864E+02
%FLAG BONDS_INC_HYDROGEN
%FORMAT(10I8)
       3       6       3       3       9       3       0       3       3      75
      78       5      75      81       5      66      69       5      66      72
       5      57      60       5      48      51       7      48      54       7
      39      42       3      39      45       3      30      33      10      30
      36      10      24      27       7      18      21      12      96      99
       7      96     102       7      96     105       7      90      93      12
%FLAG BONDS_WITHOUT_HYDROGEN
%FORMAT(10I8)
      12      15       1      12      18       2       3      12       4      84
      87       1      84      90       2      63      66       6      63      75
       6      57      63       6      48      57       8      39      48       9
      30      39      11      24      30      11      24      84       4      18
      24      13      90      96      13
%FLAG ANGLES_INC_HYDROGEN
%FORMAT(10I8)
      12      18      21       2       9       3      12       4       6       3
       9       5       6       3      12       4       0       3       6       5
       0       3       9       5       0       3      12       4      84      90
      93       2      78      75      81       8      69      66      72       8
      63      66      69      10      63      66      72      10      63      75
      78      10      63      75      81      10      60      57      63      10
      54      48      57      11      51      48      54      12      51      48
      57      11      48      57      60      13      45      39      48      15
      42      39      45       5      42      39      48      15      39      48
      51      16      39      48      54      16      36      30      39      18
      33      30      36      19      33      30      39      18      30      39
      42      21      30      39      45      21      27      24      30      23
      27      24      84      24      24      30      33      18      24      30
      36      18      21      18      24      26      18      24      27      27
     102      96     105      12      99      96     102      12      99      96
     105      12      93      90      96      26      90      96      99      27
      90      96     102      27      90      96     105      27
%FLAG ANGLES_WITHOUT_HYDROGEN
%FORMAT(10I8)
      15      12      18       1      12      18      24       3       3      12
      15       6       3      12      18       7      87      84      90       1
      84      90      96       3      66      63      75       9      57      63
      66       9      57      63      75       9      48      57      63      14
      39      48      57      17      30      24      84      20      30      39
      48      22      24      30      39      25      24      84      87       6
      24      84      90       7      18      24      30      28      18      24
      84      29
%FLAG DIHEDRALS_INC_HYDROGEN
%FORMAT(10I8)
      15      12      18      21       1      15      12     -18      21       2
      12      18      24      27       4      12      18     -24      27       5
       9       3      12      15       4       9       3     -12      15      18
       9       3     -12      15       5       9       3     -12      15      19
       9       3      12      18       4       9       3     -12      18       5
       6       3      12      15      18       6       3     -12      15       5
       6       3     -12      15      19       6       3      12      18       4
       6       3     -12      18       5       3      12      18      21       3
       0       3      12      15      18       0       3     -12      15       5
       0       3     -12      15      19       0       3      12      18       4
       0       3     -12      18       5      87      84      90      93       1
      87      84     -90      93       2      84      90      96      99       4
      84      90     -96      99       5      84      90      96     102       4
      84      90     -96     102       5      84      90      96     105       4
      84      90     -96     105       5      72      66      63      75      20
      69      66      63      75      20      66      63      75      78      20
      66      63      75      81      20      60      57      63      66      20
      60      57      63      75      20      57      63      66      69      20
      57      63      66      72      20      57      63      75      78      20
      57      63      75      81      20      54      48      57      60       4
      54      48     -57      60      21      54      48      57      63       4
      54      48     -57      63      21      51      48      57      60       4
      51      48     -57      60      21      51      48      57      63       4
      51      48     -57      63      21      45      39      48      51      22
      45      39      48      54      22      45      39      48      57      22
      42      39      48      51      22      42      39      48      54      22
      42      39      48      57      22      39      48      57      60       4
      39      48     -57      60      21      36      30      24      84      22
      36      30      39      42      29      36      30      39      45      29
      36      30      39      48      30      33      30      24      84      22
      33      30      39      42      29      33      30      39      45      29
      33      30      39      48      30      30      39      48      51      22
      30      39      48      54      22      27      24      30      33      22
      27      24      30      36      22      27      24      30      39      22
      27      24      84      87       4      27      24     -84      87      37
      27      24     -84      87       5      27      24     -84      87      38
      27      24      84      90       4      27      24     -84      90       5
      24      30      39      42      30      24      30      39      45      30
      24      84      90      93       3      21      18      24      27       4
      21      18     -24      27       5      21      18      24      30       4
      21      18     -24      30       5      21      18      24      84       4
      21      18     -24      84       5      18      24      30      33      22
      18      24      30      36      22      93      90      96      99       4
      93      90     -96      99       5      93      90      96     102       4
      93      90     -96     102       5      93      90      96     105       4
      93      90     -96     105       5      63      78     -75     -81      58
      63      69     -66     -72      58      48      63     -57     -60      58
      12      24     -18     -21      59      84      96     -90     -93      59
%FLAG DIHEDRALS_WITHOUT_HYDROGEN
%FORMAT(10I8)
      15      12      18      24       3      12      18      24      30       6
      12      18     -24      30       7      12      18     -24      30       8
      12      18     -24      30       9      12      18     -24      30      10
      12      18     -24      30      11      12      18      24      84       4
      12      18     -24      84      12      12      18     -24      84      13
      12      18     -24      84      14      12      18     -24      84      15
      12      18     -24      84      16      12      18     -24      84      17
       3      12      18      24       3      87      84      90      96       3
      48      57      63      66      20      48      57      63      75      20
      39      30      24      84      23      39      30     -24      84      24
      39      30     -24      84      25      39      30     -24      84      26
      39      30     -24      84      27      39      30     -24      84      28
      39      48      57      63       4      39      48     -57      63      21
      30      24      84      87       4      30      24     -84      87       5
      30      24      84      90      31      30      24     -84      90      32
      30      24     -84      90      33      30      24     -84      90      34
      30      24     -84      90      35      30      24     -84      90      36
      30      39      48      57      22      24      30      39      48      39
      24      30     -39      48      40      24      30     -39      48      41
      24      30     -39      48      42      24      30     -39      48      43
      24      30     -39      48      44      24      84      90      96       3
      18      24      30      39      45      18      24     -30      39      46
      18      24     -30      39      47      18      24     -30      39      48
      18      24     -30      39      49      18      24     -30      39      50
      18      24      84      87       4      18      24     -84      87       5
      18      24      84      90       4      18      24     -84      90      51
      18      24     -84      90      52      18      24     -84      90      53
      18      24     -84      90      54      18      24     -84      90      55
      18      24     -84      90      56       3      18     -12     -15      57
      24      90     -84     -87      57      57      66     -63     -75      57
%FLAG EXCLUDED_ATOMS_LIST
%FORMAT(10I8)
       2       3       4       5       6       7       3       4       5       6
       7       8       9       4       5       6       7       5       6       7
       6       7       8       9      10      11      29       7       8       9
       8       9      10      11      12      13      14      29      30      31
       9      10      11      29      10      11      12      13      14      15
      16      17      29      30      31      32      33      11      12      13
      14      29      30      31      12      13      14      15      16      17
      18      19      20      29      30      31      13      14      15      16
      17      29      14      15      16      17      29      15      16      17
      18      19      20      21      22      29      16      17      18      19
      20      17      18      19      20      18      19      20      21      22
      23      26      19      20      21      22      20      21      22      21
      22      23      24      25      26      27      28      22      23      26
      23      24      25      26      27      28      24      25      26      27
      28      25      26      26      27      28      28       0      30      31
      32      33      34      35      36      31      32      33      32      33
      34      35      36      33      34      35      36      34      35      36
      35      36      36       0
%FLAG HBOND_ACOEF
%FORMAT(5E16.8)

%FLAG HBOND_BCOEF
%FORMAT(5E16.8)

%FLAG HBCUT
%FORMAT(5E16.8)

%FLAG AMBER_ATOM_TYPE
%FORMAT(20a4)
HC  CT  HC  HC  C   O   N   H   CT  H1  6R  HC  HC  CT  HC  HC  CT  H1  H1  N2  
H   CA  N2  H   H   N2  H   H   C   O   N   H   CT  H1  H1  H1  
%FLAG TREE_CHAIN_CLASSIFICATION
%FORMAT(20a4)
M   M   E   E   M   E   M   E   M   E   3   E   E   3   E   E   3   E   E   B   
E   B   B   E   E   B   E   E   M   E   M   E   3   E   E   E   
%FLAG JOIN_ARRAY
%FORMAT(10I8)
       0       0       0       0       0       0       0       0       0       0
       0       0       0       0       0       0       0       0       0       0
       0       0       0       0       0       0       0       0       0       0
       0       0       0       0       0       0
%FLAG IROTAT
%FORMAT(10I8)
       0       0       0       0       0       0       0       0       0       0
       0       0       0       0       0       0       0       0       0       0
       0       0       0       0       0       0       0       0       0       0
       0       0       0       0       0       0
%FLAG RADIUS_SET
%FORMAT(1a80)
0                                                                               
%FLAG RADII
%FORMAT(5E16.8)
  1.30000000E+00  1.70000000E+00  1.30000000E+00  1.30000000E+00  1.70000000E+00
  1.50000000E+00  1.55000000E+00  1.30000000E+00  1.70000000E+00  1.30000000E+00
  1.70000000E+00  1.20000000E+00  1.20000000E+00  1.70000000E+00  1.30000000E+00
  1.30000000E+00  1.70000000E+00  1.30000000E+00  1.30000000E+00  1.55000000E+00
  1.30000000E+00  1.70000000E+00  1.55000000E+00  1.30000000E+00  1.30000000E+00
  1.55000000E+00  1.30000000E+00  1.30000000E+00  1.70000000E+00  1.50000000E+00
  1.55000000E+00  1.30000000E+00  1.70000000E+00  1.30000000E+00  1.30000000E+00
  1.30000000E+00
%FLAG SCREEN
%FORMAT(5E16.8)
  8.50000000E-01  7.20000000E-01  8.50000000E-01  8.50000000E-01  7.20000000E-01
  8.50000000E-01  7.90000000E-01  8.50000000E-01  7.20000000E-01  8.50000000E-01
  7.20000000E-01  8.50000000E-01  8.50000000E-01  7.20000000E-01  8.50000000E-01
  8.50000000E-01  7.20000000E-01  8.50000000E-01  8.50000000E-01  7.90000000E-01
  8.50000000E-01  7.20000000E-01  7.90000000E-01  8.50000000E-01  8.50000000E-01
  7.90000000E-01  8.50000000E-01  8.50000000E-01  7.20000000E-01  8.50000000E-01
  7.90000000E-01  8.50000000E-01  7.20000000E-01  8.50000000E-01  8.50000000E-01
  8.50000000E-01
%FLAG IPOL
%FORMAT(1I8)
       0
